Fs=100
t,x
0,510
0.01,512
0.02,511
0.03,510
0.04,508
0.05,508
0.06,508
0.07,510
0.08,510
0.09,508
0.1,511
0.11,509
0.12,511
0.13,507
0.14,510
0.15,509
0.16,507
0.17,510
0.18,509
0.19,509
0.2,511
0.21,512
0.22,510
0.23,508
0.24,509
0.25,512
0.26,509
0.27,509
0.28,510
0.29,508
0.3,513
0.31,510
0.32,509
0.33,510
0.34,510
0.35,509
0.36,510
0.37,508
0.38,509
0.39,507
0.4,506
0.41,509
0.42,510
0.43,511
0.44,510
0.45,509
0.46,511
0.47,510
0.48,510
0.49,509
0.5,510
0.51,510
0.52,508
0.53,511
0.54,508
0.55,510
0.56,511
0.57,511
0.58,511
0.59,509
0.6,512
0.61,508
0.62,509
0.63,512
0.64,508
0.65,510
0.66,509
0.67,510
0.68,510
0.69,510
0.7,510
0.71,512
0.72,510
0.73,511
0.74,507
0.75,512
0.76,510
0.77,510
0.78,511
0.79,506
0.8,511
0.81,510
0.82,509
0.83,511
0.84,509
0.85,513
0.86,508
0.87,509
0.88,510
0.89,506
0.9,511
0.91,511
0.92,511
0.93,511
0.94,510
0.95,508
0.96,513
0.97,509
0.98,512
0.99,508
1,510
1.01,510
1.02,508
1.03,512
1.04,509
1.05,510
1.06,509
1.07,510
1.08,510
1.09,510
1.1,509
1.11,510
1.12,511
1.13,513
1.14,507
1.15,511
1.16,510
1.17,509
1.18,511
1.19,509
1.2,511
1.21,508
1.22,508
1.23,510
1.24,511
1.25,510
1.26,511
1.27,511
1.28,510
1.29,509
1.3,510
1.31,511
1.32,508
1.33,509
1.34,508
1.35,509
1.36,510
1.37,511
1.38,510
1.39,508
1.4,511
1.41,507
1.42,510
1.43,508
1.44,510
1.45,511
1.46,510
1.47,508
1.48,510
1.49,509
1.5,515
1.51,507
1.52,514
1.53,508
1.54,513
1.55,510
1.56,509
1.57,513
1.58,505
1.59,503
1.6,511
1.61,509
1.62,513
1.63,510
1.64,508
1.65,510
1.66,508
1.67,511
1.68,510
1.69,510
1.7,508
1.71,507
1.72,512
1.73,510
1.74,510
1.75,508
1.76,509
1.77,512
1.78,509
1.79,510
1.8,510
1.81,505
1.82,513
1.83,510
1.84,511
1.85,510
1.86,509
1.87,511
1.88,509
1.89,511
1.9,510
1.91,507
1.92,515
1.93,509
1.94,509
1.95,510
1.96,509
1.97,509
1.98,510
1.99,508
2,511
2.01,509
2.02,512
2.03,510
2.04,510
2.05,511
2.06,507
2.07,514
2.08,510
2.09,509
2.1,511
2.11,509
2.12,511
2.13,510
2.14,508
2.15,510
2.16,510
2.17,512
2.18,508
2.19,506
2.2,511
2.21,510
2.22,512
2.23,510
2.24,509
2.25,511
2.26,507
2.27,513
2.28,511
2.29,508
2.3,511
2.31,510
2.32,511
2.33,512
2.34,509
2.35,511
2.36,510
2.37,513
2.38,504
2.39,508
2.4,511
2.41,508
2.42,512
2.43,511
2.44,507
2.45,512
2.46,505
2.47,510
2.48,512
2.49,509
2.5,513
2.51,508
2.52,511
2.53,510
2.54,508
2.55,515
2.56,508
2.57,511
2.58,511
2.59,511
2.6,512
2.61,508
2.62,510
2.63,510
2.64,511
2.65,512
2.66,504
2.67,515
2.68,509
2.69,508
2.7,509
2.71,508
2.72,514
2.73,508
2.74,509
2.75,512
2.76,507
2.77,511
2.78,510
2.79,510
2.8,512
2.81,510
2.82,509
2.83,509
2.84,509
2.85,511
2.86,509
2.87,512
2.88,513
2.89,509
2.9,513
2.91,508
2.92,511
2.93,511
2.94,512
2.95,513
2.96,504
2.97,514
2.98,509
2.99,504
3,514
3.01,510
3.02,512
3.03,511
3.04,508
3.05,513
3.06,508
3.07,507
3.08,520
3.09,496
3.1,509
3.11,507
3.12,511
3.13,508
3.14,507
3.15,515
3.16,509
3.17,512
3.18,508
3.19,510
3.2,513
3.21,505
3.22,511
3.23,507
3.24,507
3.25,509
3.26,514
3.27,504
3.28,507
3.29,502
3.3,512
3.31,507
3.32,514
3.33,508
3.34,508
3.35,515
3.36,508
3.37,512
3.38,512
3.39,507
3.4,516
3.41,508
3.42,509
3.43,511
3.44,507
3.45,515
3.46,510
3.47,513
3.48,513
3.49,508
3.5,509
3.51,505
3.52,509
3.53,510
3.54,506
3.55,512
3.56,508
3.57,509
3.58,511
3.59,507
3.6,515
3.61,506
3.62,509
3.63,515
3.64,507
3.65,513
3.66,506
3.67,508
3.68,511
3.69,504
3.7,513
3.71,509
3.72,510
3.73,511
3.74,505
3.75,513
3.76,506
3.77,511
3.78,512
3.79,502
3.8,512
3.81,508
3.82,510
3.83,515
3.84,504
3.85,516
3.86,508
3.87,508
3.88,512
3.89,507
3.9,515
3.91,503
3.92,510
3.93,511
3.94,505
3.95,518
3.96,507
3.97,511
3.98,512
3.99,505
4,516
4.01,503
4.02,508
4.03,513
4.04,505
4.05,516
4.06,505
4.07,511
4.08,508
4.09,504
4.1,515
4.11,504
4.12,511
4.13,511
4.14,508
4.15,509
4.16,502
4.17,513
4.18,511
4.19,504
4.2,512
4.21,502
4.22,512
4.23,513
4.24,507
4.25,515
4.26,503
4.27,511
4.28,512
4.29,509
4.3,514
4.31,504
4.32,509
4.33,512
4.34,506
4.35,518
4.36,506
4.37,509
4.38,514
4.39,509
4.4,515
4.41,503
4.42,508
4.43,509
4.44,511
4.45,517
4.46,504
4.47,511
4.48,511
4.49,496
4.5,515
4.51,502
4.52,503
4.53,511
4.54,509
4.55,515
4.56,504
4.57,513
4.58,512
4.59,508
4.6,515
4.61,507
4.62,519
4.63,511
4.64,510
4.65,516
4.66,508
4.67,510
4.68,511
4.69,502
4.7,515
4.71,507
4.72,511
4.73,511
4.74,506
4.75,512
4.76,506
4.77,514
4.78,512
4.79,507
4.8,515
4.81,503
4.82,512
4.83,512
4.84,505
4.85,514
4.86,504
4.87,512
4.88,514
4.89,508
4.9,517
4.91,505
4.92,513
4.93,507
4.94,507
4.95,515
4.96,501
4.97,511
4.98,512
4.99,505
5,516
5.01,508
5.02,512
5.03,507
5.04,506
5.05,516
5.06,506
5.07,512
5.08,512
5.09,507
5.1,516
5.11,505
5.12,508
5.13,514
5.14,506
5.15,516
5.16,507
5.17,513
5.18,512
5.19,504
5.2,519
5.21,505
5.22,510
5.23,515
5.24,504
5.25,517
5.26,506
5.27,511
5.28,514
5.29,505
5.3,512
5.31,508
5.32,512
5.33,515
5.34,504
5.35,515
5.36,504
5.37,511
5.38,514
5.39,507
5.4,512
5.41,506
5.42,510
5.43,513
5.44,507
5.45,515
5.46,504
5.47,508
5.48,513
5.49,508
5.5,513
5.51,505
5.52,511
5.53,512
5.54,508
5.55,513
5.56,505
5.57,510
5.58,513
5.59,509
5.6,515
5.61,507
5.62,509
5.63,511
5.64,508
5.65,513
5.66,508
5.67,509
5.68,512
5.69,507
5.7,515
5.71,508
5.72,511
5.73,512
5.74,506
5.75,515
5.76,506
5.77,511
5.78,512
5.79,507
5.8,512
5.81,507
5.82,514
5.83,515
5.84,505
5.85,515
5.86,504
5.87,511
5.88,510
5.89,509
5.9,515
5.91,504
5.92,511
5.93,512
5.94,509
5.95,512
5.96,507
5.97,510
5.98,513
5.99,508
6,512
6.01,508
6.02,510
6.03,514
6.04,508
6.05,511
6.06,506
6.07,508
6.08,513
6.09,506
6.1,512
6.11,508
6.12,508
6.13,513
6.14,507
6.15,513
6.16,508
6.17,507
6.18,515
6.19,505
6.2,512
6.21,507
6.22,510
6.23,512
6.24,505
6.25,511
6.26,508
6.27,510
6.28,513
6.29,507
6.3,512
6.31,508
6.32,509
6.33,515
6.34,503
6.35,512
6.36,507
6.37,509
6.38,513
6.39,504
6.4,512
6.41,506
6.42,507
6.43,514
6.44,505
6.45,513
6.46,507
6.47,510
6.48,513
6.49,506
6.5,511
6.51,509
6.52,510
6.53,512
6.54,507
6.55,514
6.56,506
6.57,510
6.58,511
6.59,509
6.6,517
6.61,507
6.62,510
6.63,514
6.64,507
6.65,513
6.66,508
6.67,511
6.68,512
6.69,505
6.7,512
6.71,507
6.72,511
6.73,512
6.74,507
6.75,511
6.76,509
6.77,510
6.78,511
6.79,507
6.8,513
6.81,505
6.82,509
6.83,513
6.84,509
6.85,514
6.86,505
6.87,510
6.88,508
6.89,506
6.9,513
6.91,509
6.92,512
6.93,512
6.94,506
6.95,514
6.96,506
6.97,511
6.98,512
6.99,506
7,514
7.01,507
7.02,511
7.03,508
7.04,508
7.05,514
7.06,504
7.07,514
7.08,509
7.09,508
7.1,513
7.11,505
7.12,514
7.13,510
7.14,508
7.15,515
7.16,507
7.17,512
7.18,510
7.19,505
7.2,512
7.21,507
7.22,512
7.23,509
7.24,506
7.25,515
7.26,509
7.27,511
7.28,510
7.29,508
7.3,511
7.31,507
7.32,512
7.33,508
7.34,507
7.35,515
7.36,508
7.37,511
7.38,508
7.39,506
7.4,515
7.41,507
7.42,512
7.43,510
7.44,509
7.45,512
7.46,508
7.47,513
7.48,508
7.49,508
7.5,512
7.51,508
7.52,513
7.53,509
7.54,506
7.55,510
7.56,508
7.57,512
7.58,512
7.59,508
7.6,515
7.61,507
7.62,511
7.63,510
7.64,507
7.65,513
7.66,505
7.67,511
7.68,511
7.69,505
7.7,512
7.71,505
7.72,512
7.73,511
7.74,505
7.75,512
7.76,507
7.77,512
7.78,511
7.79,505
7.8,514
7.81,508
7.82,509
7.83,512
7.84,508
7.85,514
7.86,507
7.87,513
7.88,510
7.89,505
7.9,515
7.91,505
7.92,512
7.93,510
7.94,509
7.95,513
7.96,506
7.97,511
7.98,513
7.99,506
8,515
8.01,507
8.02,511
8.03,512
8.04,508
8.05,513
8.06,506
8.07,512
8.08,512
8.09,505
8.1,515
8.11,507
8.12,512
8.13,512
8.14,506
8.15,511
8.16,505
8.17,510
8.18,508
8.19,507
8.2,512
8.21,505
8.22,511
8.23,510
8.24,509
8.25,513
8.26,509
8.27,511
8.28,511
8.29,510
8.3,512
8.31,508
8.32,513
8.33,508
8.34,509
8.35,511
8.36,509
8.37,511
8.38,510
8.39,510
8.4,512
8.41,510
8.42,511
8.43,511
8.44,509
8.45,512
8.46,510
8.47,511
8.48,508
8.49,507
8.5,512
8.51,508
8.52,512
8.53,513
8.54,508
8.55,512
8.56,509
8.57,512
8.58,511
8.59,508
8.6,512
8.61,505
8.62,513
8.63,512
8.64,511
8.65,513
8.66,508
8.67,509
8.68,511
8.69,510
8.7,511
8.71,509
8.72,512
8.73,511
8.74,506
8.75,512
8.76,510
8.77,509
8.78,510
8.79,507
8.8,513
8.81,507
8.82,511
8.83,509
8.84,511
8.85,514
8.86,510
8.87,511
8.88,512
8.89,507
8.9,513
8.91,507
8.92,510
8.93,509
8.94,507
8.95,510
8.96,508
8.97,512
8.98,513
8.99,506
9,512
9.01,508
9.02,509
9.03,509
9.04,506
9.05,513
9.06,509
9.07,510
9.08,511
9.09,507
9.1,511
9.11,507
9.12,512
9.13,512
9.14,511
9.15,514
9.16,504
9.17,511
9.18,510
9.19,509
9.2,515
9.21,505
9.22,512
9.23,507
9.24,513
9.25,514
9.26,504
9.27,512
9.28,507
9.29,506
9.3,514
9.31,504
9.32,509
9.33,508
9.34,505
9.35,515
9.36,505
9.37,514
9.38,510
9.39,503
9.4,519
9.41,506
9.42,512
9.43,509
9.44,505
9.45,514
9.46,507
9.47,512
9.48,510
9.49,505
9.5,521
9.51,504
9.52,508
9.53,519
9.54,500
9.55,516
9.56,503
9.57,511
9.58,520
9.59,499
9.6,518
9.61,504
9.62,510
9.63,517
9.64,501
9.65,520
9.66,500
9.67,511
9.68,517
9.69,499
9.7,519
9.71,505
9.72,512
9.73,518
9.74,497
9.75,519
9.76,507
9.77,508
9.78,519
9.79,499
9.8,518
9.81,507
9.82,507
9.83,519
9.84,501
9.85,519
9.86,506
9.87,505
9.88,519
9.89,497
9.9,518
9.91,509
9.92,507
9.93,519
9.94,499
9.95,517
9.96,509
9.97,507
9.98,521
9.99,500
10,515
10.01,510
10.02,510
10.03,520
10.04,503
10.05,515
10.06,507
10.07,507
10.08,522
10.09,500
10.1,515
10.11,509
10.12,510
10.13,519
10.14,499
10.15,516
10.16,510
10.17,508
10.18,519
10.19,497
10.2,516
10.21,509
10.22,511
10.23,520
10.24,500
10.25,518
10.26,504
10.27,508
10.28,521
10.29,500
10.3,515
10.31,508
10.32,508
10.33,519
10.34,502
10.35,515
10.36,510
10.37,509
10.38,519
10.39,499
10.4,517
10.41,507
10.42,506
10.43,522
10.44,503
10.45,516
10.46,508
10.47,504
10.48,519
10.49,501
10.5,515
10.51,510
10.52,507
10.53,522
10.54,502
10.55,513
10.56,511
10.57,506
10.58,520
10.59,500
10.6,515
10.61,509
10.62,509
10.63,520
10.64,504
10.65,514
10.66,508
10.67,509
10.68,519
10.69,501
10.7,513
10.71,508
10.72,506
10.73,512
10.74,511
10.75,509
10.76,510
10.77,507
10.78,513
10.79,508
10.8,512
10.81,508
10.82,510
10.83,515
10.84,507
10.85,509
10.86,511
10.87,507
10.88,514
10.89,507
10.9,511
10.91,509
10.92,507
10.93,515
10.94,506
10.95,511
10.96,510
10.97,505
10.98,514
10.99,506
11,509
11.01,511
11.02,510
11.03,513
11.04,506
11.05,510
11.06,510
11.07,509
11.08,514
11.09,506
11.1,510
11.11,508
11.12,508
11.13,515
11.14,509
11.15,510
11.16,511
11.17,507
11.18,514
11.19,506
11.2,510
11.21,511
11.22,509
11.23,513
11.24,509
11.25,512
11.26,511
11.27,508
11.28,515
11.29,508
11.3,521
11.31,505
11.32,507
11.33,511
11.34,500
11.35,519
11.36,504
11.37,512
11.38,518
11.39,506
11.4,509
11.41,511
11.42,507
11.43,519
11.44,508
11.45,512
11.46,509
11.47,508
11.48,514
11.49,506
11.5,510
11.51,510
11.52,507
11.53,512
11.54,508
11.55,511
11.56,511
11.57,506
11.58,514
11.59,508
11.6,511
11.61,510
11.62,506
11.63,512
11.64,509
11.65,509
11.66,510
11.67,506
11.68,514
11.69,506
11.7,509
11.71,510
11.72,509
11.73,511
11.74,510
11.75,509
11.76,511
11.77,508
11.78,514
11.79,508
11.8,508
11.81,510
11.82,505
11.83,512
11.84,508
11.85,510
11.86,510
11.87,506
11.88,513
11.89,507
11.9,508
11.91,512
11.92,509
11.93,512
11.94,510
11.95,507
11.96,511
11.97,510
11.98,515
11.99,506
12,510
12.01,511
12.02,504
12.03,512
12.04,511
12.05,509
12.06,511
12.07,508
12.08,514
12.09,510
12.1,508
12.11,512
12.12,506
12.13,514
12.14,510
12.15,510
12.16,511
12.17,506
12.18,513
12.19,508
12.2,512
12.21,510
12.22,507
12.23,514
12.24,507
12.25,511
12.26,512
12.27,508
12.28,516
12.29,507
12.3,509
12.31,511
12.32,509
12.33,513
12.34,508
12.35,508
12.36,508
12.37,508
12.38,513
12.39,506
12.4,509
12.41,511
12.42,507
12.43,513
12.44,506
12.45,511
12.46,509
12.47,509
12.48,514
12.49,508
12.5,511
12.51,511
12.52,508
12.53,511
12.54,510
12.55,510
12.56,511
12.57,508
12.58,512
12.59,508
12.6,507
12.61,513
12.62,506
12.63,514
12.64,508
12.65,510
12.66,511
12.67,508
12.68,512
12.69,509
12.7,507
12.71,513
12.72,509
12.73,515
12.74,507
12.75,504
12.76,511
12.77,508
12.78,514
12.79,509
12.8,509
12.81,510
12.82,505
12.83,513
12.84,507
12.85,511
12.86,510
12.87,505
12.88,513
12.89,505
12.9,509
12.91,512
12.92,507
12.93,515
12.94,508
12.95,508
12.96,512
12.97,507
12.98,511
12.99,506
13,510
13.01,509
13.02,505
13.03,515
13.04,508
13.05,509
13.06,509
13.07,504
13.08,512
13.09,509
13.1,509
13.11,511
13.12,508
13.13,514
13.14,509
13.15,510
13.16,513
13.17,506
13.18,514
13.19,510
13.2,509
13.21,510
13.22,506
13.23,513
13.24,507
13.25,507
13.26,508
13.27,506
13.28,513
13.29,508
13.3,508
13.31,510
13.32,504
13.33,515
13.34,510
13.35,510
13.36,511
13.37,506
13.38,514
13.39,508
13.4,507
13.41,515
13.42,507
13.43,512
13.44,509
13.45,510
13.46,511
13.47,504
13.48,513
13.49,511
13.5,509
13.51,509
13.52,507
13.53,515
13.54,509
13.55,508
13.56,511
13.57,507
13.58,513
13.59,508
13.6,509
13.61,512
13.62,505
13.63,514
13.64,509
13.65,506
13.66,511
13.67,510
13.68,514
13.69,509
13.7,509
13.71,511
13.72,506
13.73,511
13.74,510
13.75,508
13.76,510
13.77,507
13.78,512
13.79,509
13.8,510
13.81,509
13.82,506
13.83,512
13.84,509
13.85,507
13.86,512
13.87,508
13.88,512
13.89,508
13.9,509
13.91,511
13.92,507
13.93,515
13.94,511
13.95,508
13.96,511
13.97,504
13.98,515
13.99,508
14,511
14.01,510
14.02,504
14.03,510
14.04,507
14.05,508
14.06,513
14.07,505
14.08,512
14.09,508
14.1,508
14.11,512
14.12,507
14.13,510
14.14,510
14.15,511
14.16,510
14.17,506
14.18,510
14.19,511
14.2,509
14.21,511
14.22,505
14.23,512
14.24,512
14.25,509
14.26,510
14.27,506
14.28,514
14.29,508
14.3,508
14.31,510
14.32,507
14.33,512
14.34,505
14.35,509
14.36,511
14.37,507
14.38,511
14.39,509
14.4,508
14.41,512
14.42,508
14.43,512
14.44,510
14.45,510
14.46,514
14.47,505
14.48,511
14.49,508
14.5,506
14.51,510
14.52,507
14.53,515
14.54,508
14.55,508
14.56,512
14.57,506
14.58,512
14.59,510
14.6,508
14.61,514
14.62,504
14.63,513
14.64,508
14.65,508
14.66,512
14.67,507
14.68,513
14.69,509
14.7,508
14.71,511
14.72,506
14.73,512
14.74,510
14.75,505
14.76,513
14.77,507
14.78,512
14.79,510
14.8,506
14.81,511
14.82,503
14.83,510
14.84,509
14.85,508
14.86,513
14.87,507
14.88,514
14.89,510
14.9,510
14.91,510
14.92,507
14.93,511
14.94,509
14.95,508
14.96,515
14.97,505
14.98,512
14.99,511
15,508
15.01,514
15.02,506
15.03,510
15.04,511
15.05,506
15.06,516
15.07,506
15.08,512
15.09,508
15.1,509
15.11,516
15.12,505
15.13,510
15.14,510
15.15,508
15.16,514
15.17,505
15.18,514
15.19,511
15.2,507
15.21,510
15.22,505
15.23,512
15.24,508
15.25,511
15.26,509
15.27,504
15.28,512
15.29,512
15.3,509
15.31,514
15.32,507
15.33,510
15.34,510
15.35,508
15.36,516
15.37,503
15.38,512
15.39,510
15.4,509
15.41,515
15.42,502
15.43,511
15.44,510
15.45,510
15.46,513
15.47,508
15.48,513
15.49,512
15.5,510
15.51,512
15.52,506
15.53,511
15.54,509
15.55,507
15.56,516
15.57,505
15.58,512
15.59,511
15.6,510
15.61,507
15.62,508
15.63,511
15.64,512
15.65,508
15.66,511
15.67,508
15.68,511
15.69,510
15.7,510
15.71,513
15.72,509
15.73,511
15.74,509
15.75,508
15.76,514
15.77,505
15.78,510
15.79,511
15.8,508
15.81,512
15.82,508
15.83,511
15.84,508
15.85,508
15.86,513
15.87,505
15.88,509
15.89,510
15.9,506
15.91,513
15.92,506
15.93,510
15.94,510
15.95,511
15.96,513
15.97,501
15.98,511
15.99,512
16,507
16.01,515
16.02,507
16.03,514
16.04,509
16.05,506
16.06,513
16.07,505
16.08,513
16.09,509
16.1,507
16.11,514
16.12,505
16.13,515
16.14,512
16.15,507
16.16,517
16.17,508
16.18,512
16.19,511
16.2,510
16.21,511
16.22,507
16.23,510
16.24,507
16.25,506
16.26,513
16.27,509
16.28,511
16.29,511
16.3,508
16.31,515
16.32,507
16.33,511
16.34,509
16.35,508
16.36,512
16.37,508
16.38,511
16.39,509
16.4,508
16.41,513
16.42,508
16.43,513
16.44,507
16.45,508
16.46,514
16.47,505
16.48,511
16.49,511
16.5,507
16.51,513
16.52,508
16.53,513
16.54,510
16.55,505
16.56,513
16.57,508
16.58,513
16.59,512
16.6,507
16.61,515
16.62,507
16.63,513
16.64,511
16.65,509
16.66,516
16.67,508
16.68,512
16.69,509
16.7,509
16.71,518
16.72,508
16.73,511
16.74,509
16.75,507
16.76,512
16.77,508
16.78,511
16.79,515
16.8,510
16.81,513
16.82,505
16.83,505
16.84,512
16.85,508
16.86,510
16.87,514
16.88,510
16.89,515
16.9,510
16.91,519
16.92,506
16.93,513
16.94,511
16.95,509
16.96,513
16.97,507
16.98,515
16.99,507
17,507
17.01,504
17.02,508
17.03,513
17.04,511
17.05,507
17.06,518
17.07,500
17.08,510
17.09,511
17.1,513
17.11,513
17.12,505
17.13,506
17.14,500
17.15,510
17.16,514
17.17,509
17.18,511
17.19,510
17.2,510
17.21,516
17.22,504
17.23,511
17.24,508
17.25,503
17.26,510
17.27,507
17.28,511
17.29,514
17.3,507
17.31,515
17.32,500
17.33,514
17.34,510
17.35,506
17.36,515
17.37,507
17.38,511
17.39,508
17.4,503
17.41,515
17.42,507
17.43,509
17.44,523
17.45,511
17.46,518
17.47,508
17.48,513
17.49,507
17.5,505
17.51,519
17.52,512
17.53,514
17.54,511
17.55,505
17.56,519
17.57,509
17.58,510
17.59,504
17.6,504
17.61,514
17.62,508
17.63,513
17.64,515
17.65,507
17.66,517
17.67,504
17.68,515
17.69,509
17.7,507
17.71,518
17.72,507
17.73,512
17.74,512
17.75,512
17.76,508
17.77,500
17.78,511
17.79,508
17.8,517
17.81,513
17.82,513
17.83,513
17.84,509
17.85,505
17.86,512
17.87,506
17.88,519
17.89,514
17.9,515
17.91,517
17.92,527
17.93,507
17.94,509
17.95,504
17.96,496
17.97,501
17.98,508
17.99,510
18,504
18.01,512
18.02,505
18.03,490
18.04,509
18.05,500
18.06,517
18.07,510
18.08,501
18.09,497
18.1,504
18.11,502
18.12,497
18.13,494
18.14,457
18.15,518
18.16,478
18.17,503
18.18,536
18.19,541
18.2,528
18.21,512
18.22,519
18.23,505
18.24,534
18.25,467
18.26,529
18.27,514
18.28,520
18.29,513
18.3,574
18.31,467
18.32,544
18.33,517
18.34,481
18.35,555
18.36,527
18.37,527
18.38,527
18.39,502
18.4,496
18.41,562
18.42,502
18.43,482
18.44,521
18.45,568
18.46,551
18.47,521
18.48,495
18.49,491
18.5,518
18.51,538
18.52,502
18.53,505
18.54,527
18.55,499
18.56,517
18.57,502
18.58,516
18.59,514
18.6,538
18.61,506
18.62,502
18.63,480
18.64,516
18.65,534
18.66,537
18.67,510
18.68,535
18.69,595
18.7,482
18.71,522
18.72,527
18.73,508
18.74,483
18.75,527
18.76,503
18.77,518
18.78,539
18.79,512
18.8,490
18.81,507
18.82,503
18.83,519
18.84,563
18.85,478
18.86,531
18.87,521
18.88,544
18.89,563
18.9,379
18.91,473
18.92,538
18.93,502
18.94,583
18.95,474
18.96,459
18.97,464
18.98,535
18.99,490
19,580
19.01,460
19.02,499
19.03,503
19.04,523
19.05,502
19.06,498
19.07,512
19.08,500
19.09,503
19.1,506
19.11,539
19.12,475
19.13,529
19.14,428
19.15,476
19.16,499
19.17,500
19.18,515
19.19,506
19.2,493
19.21,540
19.22,525
19.23,507
19.24,489
19.25,511
19.26,545
19.27,471
19.28,563
19.29,536
19.3,483
19.31,565
19.32,436
19.33,523
19.34,508
19.35,511
19.36,496
19.37,480
19.38,537
19.39,517
19.4,529
19.41,487
19.42,528
19.43,558
19.44,532
19.45,487
19.46,497
19.47,529
19.48,514
19.49,494
19.5,481
19.51,487
19.52,496
19.53,512
19.54,512
19.55,508
19.56,509
19.57,504
19.58,511
19.59,520
19.6,485
19.61,520
19.62,503
19.63,508
19.64,512
19.65,506
19.66,517
19.67,502
19.68,514
19.69,511
19.7,508
19.71,521
19.72,519
19.73,489
19.74,516
19.75,519
19.76,513
19.77,508
19.78,513
19.79,516
19.8,457
19.81,526
19.82,521
19.83,509
19.84,516
19.85,509
19.86,508
19.87,514
19.88,519
19.89,482
19.9,509
19.91,529
19.92,491
19.93,517
19.94,528
19.95,482
19.96,550
19.97,517
19.98,524
19.99,498
20,475
20.01,525
20.02,507
20.03,516
20.04,511
20.05,508
20.06,491
20.07,490
20.08,516
20.09,515
20.1,510
20.11,486
20.12,532
20.13,512
20.14,514
20.15,510
20.16,525
20.17,491
20.18,511
20.19,505
20.2,494
20.21,532
20.22,504
20.23,519
20.24,509
20.25,508
20.26,500
20.27,519
20.28,509
20.29,507
20.3,511
20.31,510
20.32,494
20.33,510
20.34,516
20.35,504
20.36,527
20.37,487
20.38,523
20.39,512
20.4,497
20.41,518
20.42,504
20.43,513
20.44,513
20.45,512
20.46,519
20.47,505
20.48,509
20.49,512
20.5,509
20.51,515
20.52,511
20.53,512
20.54,508
20.55,505
20.56,519
20.57,502
20.58,510
20.59,514
20.6,504
20.61,519
20.62,510
20.63,506
20.64,515
20.65,501
20.66,513
20.67,507
20.68,508
20.69,507
20.7,502
20.71,521
20.72,509
20.73,510
20.74,506
20.75,515
20.76,521
20.77,504
20.78,513
20.79,513
20.8,502
20.81,515
20.82,513
20.83,513
20.84,508
20.85,499
20.86,520
20.87,499
20.88,508
20.89,504
20.9,508
20.91,532
20.92,503
20.93,544
20.94,533
20.95,484
20.96,520
20.97,583
20.98,536
20.99,598
21,495
21.01,577
21.02,530
21.03,448
21.04,489
21.05,473
21.06,568
21.07,510
21.08,509
21.09,494
21.1,557
21.11,549
21.12,456
21.13,506
21.14,505
21.15,521
21.16,447
21.17,520
21.18,568
21.19,508
21.2,659
21.21,506
21.22,535
21.23,501
21.24,448
21.25,493
21.26,527
21.27,447
21.28,542
21.29,495
21.3,511
21.31,531
21.32,495
21.33,528
21.34,524
21.35,492
21.36,526
21.37,477
21.38,537
21.39,497
21.4,527
21.41,487
21.42,519
21.43,502
21.44,508
21.45,488
21.46,534
21.47,457
21.48,448
21.49,497
21.5,534
21.51,514
21.52,540
21.53,508
21.54,509
21.55,514
21.56,496
21.57,512
21.58,462
21.59,505
21.6,507
21.61,510
21.62,514
21.63,496
21.64,536
21.65,541
21.66,513
21.67,503
21.68,514
21.69,509
21.7,504
21.71,512
21.72,495
21.73,511
21.74,508
21.75,499
21.76,520
21.77,501
21.78,500
21.79,512
21.8,491
21.81,522
21.82,490
21.83,520
21.84,515
21.85,500
21.86,523
21.87,520
21.88,499
21.89,519
21.9,506
21.91,512
21.92,512
21.93,516
21.94,508
21.95,500
21.96,519
21.97,504
21.98,508
21.99,513
22,504
22.01,522
22.02,511
22.03,510
22.04,510
22.05,505
22.06,523
22.07,508
22.08,507
22.09,511
22.1,501
22.11,516
22.12,509
22.13,507
22.14,514
22.15,508
22.16,516
22.17,504
22.18,507
22.19,507
22.2,501
22.21,509
22.22,511
22.23,508
22.24,510
22.25,502
22.26,515
22.27,503
22.28,509
22.29,515
22.3,504
22.31,527
22.32,506
22.33,517
22.34,505
22.35,504
22.36,511
22.37,508
22.38,511
22.39,513
22.4,511
22.41,515
22.42,514
22.43,532
22.44,526
22.45,508
22.46,504
22.47,505
22.48,505
22.49,513
22.5,502
22.51,521
22.52,512
22.53,508
22.54,514
22.55,490
22.56,506
22.57,508
22.58,504
22.59,513
22.6,492
22.61,530
22.62,492
22.63,509
22.64,518
22.65,503
22.66,513
22.67,524
22.68,511
22.69,506
22.7,503
22.71,519
22.72,503
22.73,508
22.74,506
22.75,505
22.76,515
22.77,536
22.78,518
22.79,517
22.8,505
22.81,519
22.82,517
22.83,506
22.84,501
22.85,508
22.86,517
22.87,506
22.88,513
22.89,509
22.9,500
22.91,497
22.92,518
22.93,513
22.94,525
22.95,496
22.96,515
22.97,503
22.98,517
22.99,526
23,512
23.01,515
23.02,509
23.03,510
23.04,511
23.05,520
23.06,498
23.07,508
23.08,511
23.09,516
23.1,505
23.11,521
23.12,474
23.13,515
23.14,452
23.15,504
23.16,492
23.17,435
23.18,507
23.19,525
23.2,531
23.21,507
23.22,436
23.23,520
23.24,527
23.25,497
23.26,520
23.27,524
23.28,464
23.29,560
23.3,563
23.31,530
23.32,519
23.33,500
23.34,516
23.35,508
23.36,531
23.37,496
23.38,527
23.39,523
23.4,512
23.41,516
23.42,524
23.43,503
23.44,477
23.45,554
23.46,537
23.47,512
23.48,494
23.49,512
23.5,475
23.51,515
23.52,529
23.53,511
23.54,520
23.55,490
23.56,528
23.57,521
23.58,489
23.59,513
23.6,502
23.61,530
23.62,493
23.63,502
23.64,517
23.65,508
23.66,531
23.67,523
23.68,509
23.69,533
23.7,496
23.71,528
23.72,501
23.73,534
23.74,561
23.75,519
23.76,553
23.77,497
23.78,525
23.79,402
23.8,504
23.81,447
23.82,555
23.83,563
23.84,564
23.85,493
23.86,509
23.87,514
23.88,571
23.89,484
23.9,513
23.91,531
23.92,501
23.93,509
23.94,500
23.95,537
23.96,481
23.97,497
23.98,485
23.99,535
24,504
24.01,497
24.02,496
24.03,507
24.04,556
24.05,524
24.06,556
24.07,503
24.08,448
24.09,526
24.1,518
24.11,531
24.12,483
24.13,491
24.14,512
24.15,531
24.16,524
24.17,509
24.18,519
24.19,544
24.2,508
24.21,515
24.22,513
24.23,515
24.24,501
24.25,504
24.26,527
24.27,479
24.28,507
24.29,539
24.3,518
24.31,498
24.32,510
24.33,508
24.34,513
24.35,545
24.36,536
24.37,516
24.38,493
24.39,508
24.4,504
24.41,508
24.42,505
24.43,518
24.44,515
24.45,496
24.46,539
24.47,500
24.48,516
24.49,552
24.5,544
24.51,492
24.52,560
24.53,472
24.54,532
24.55,539
24.56,508
24.57,509
24.58,491
24.59,496
24.6,492
24.61,507
24.62,532
24.63,500
24.64,504
24.65,508
24.66,527
24.67,496
24.68,514
24.69,524
24.7,494
24.71,498
24.72,522
24.73,543
24.74,500
24.75,497
24.76,516
24.77,511
24.78,520
24.79,524
24.8,490
24.81,512
24.82,508
24.83,505
24.84,519
24.85,506
24.86,518
24.87,512
24.88,510
24.89,516
24.9,502
24.91,515
24.92,510
24.93,507
24.94,517
24.95,496
24.96,523
24.97,504
24.98,512
24.99,522
25,473
25.01,519
25.02,511
25.03,509
25.04,520
25.05,497
25.06,524
25.07,498
25.08,487
25.09,527
25.1,505
25.11,525
25.12,493
25.13,514
25.14,518
25.15,504
25.16,517
25.17,523
25.18,464
25.19,526
25.2,505
25.21,520
25.22,484
25.23,508
25.24,516
25.25,510
25.26,499
25.27,515
25.28,508
25.29,525
25.3,499
25.31,517
25.32,512
25.33,511
25.34,510
25.35,508
25.36,498
25.37,512
25.38,504
25.39,511
25.4,508
25.41,537
25.42,503
25.43,515
25.44,512
25.45,504
25.46,505
25.47,511
25.48,504
25.49,517
25.5,501
25.51,515
25.52,516
25.53,511
25.54,495
25.55,508
25.56,510
25.57,511
25.58,510
25.59,518
25.6,520
25.61,518
25.62,512
25.63,508
25.64,504
25.65,496
25.66,520
25.67,510
25.68,509
25.69,522
25.7,508
25.71,505
25.72,489
25.73,529
25.74,513
25.75,511
25.76,507
25.77,517
25.78,504
25.79,528
25.8,479
25.81,515
25.82,511
25.83,496
25.84,512
25.85,528
25.86,536
25.87,517
25.88,495
25.89,504
25.9,497
25.91,521
25.92,523
25.93,483
25.94,511
25.95,501
25.96,508
25.97,507
25.98,478
25.99,520
26,530
26.01,505
26.02,470
26.03,512
26.04,529
26.05,499
26.06,536
26.07,506
26.08,518
26.09,516
26.1,492
26.11,527
26.12,523
26.13,500
26.14,512
26.15,481
26.16,509
26.17,509
26.18,508
26.19,505
26.2,505
26.21,517
26.22,516
26.23,499
26.24,513
26.25,510
26.26,513
26.27,508
26.28,508
26.29,521
26.3,501
26.31,499
26.32,514
26.33,511
26.34,522
26.35,502
26.36,508
26.37,530
26.38,534
26.39,501
26.4,516
26.41,516
26.42,511
26.43,504
26.44,513
26.45,502
26.46,508
26.47,538
26.48,410
26.49,486
26.5,480
26.51,543
26.52,520
26.53,478
26.54,526
26.55,497
26.56,515
26.57,508
26.58,472
26.59,520
26.6,471
26.61,329
26.62,536
26.63,524
26.64,533
26.65,344
26.66,508
26.67,478
26.68,459
26.69,554
26.7,519
26.71,407
26.72,497
26.73,451
26.74,463
26.75,467
26.76,535
26.77,524
26.78,550
26.79,595
26.8,480
26.81,479
26.82,488
26.83,563
26.84,516
26.85,579
26.86,461
26.87,460
26.88,474
26.89,592
26.9,513
26.91,538
26.92,449
26.93,475
26.94,500
26.95,519
26.96,518
26.97,471
26.98,527
26.99,516
27,498
27.01,475
27.02,487
27.03,484
27.04,495
27.05,579
27.06,462
27.07,536
27.08,514
27.09,511
27.1,506
27.11,537
27.12,529
27.13,496
27.14,515
27.15,511
27.16,467
27.17,525
27.18,500
27.19,521
27.2,494
27.21,508
27.22,487
27.23,511
27.24,515
27.25,541
27.26,494
27.27,503
27.28,492
27.29,506
27.3,512
27.31,512
27.32,497
27.33,510
27.34,500
27.35,508
27.36,521
27.37,505
27.38,489
27.39,524
27.4,504
27.41,502
27.42,512
27.43,489
27.44,516
27.45,507
27.46,506
27.47,510
27.48,499
27.49,535
27.5,531
27.51,534
27.52,516
27.53,519
27.54,551
27.55,532
27.56,504
27.57,505
27.58,523
27.59,472
27.6,541
27.61,497
27.62,540
27.63,525
27.64,516
27.65,519
27.66,506
27.67,503
27.68,505
27.69,507
27.7,519
27.71,466
27.72,527
27.73,504
27.74,503
27.75,522
27.76,515
27.77,502
27.78,502
27.79,522
27.8,510
27.81,486
27.82,517
27.83,506
27.84,502
27.85,510
27.86,524
27.87,509
27.88,515
27.89,484
27.9,517
27.91,523
27.92,513
27.93,505
27.94,516
27.95,522
27.96,493
27.97,503
27.98,503
27.99,521
28,504
28.01,512
28.02,517
28.03,510
28.04,517
28.05,517
28.06,505
28.07,531
28.08,504
28.09,512
28.1,514
28.11,512
28.12,500
28.13,489
28.14,526
28.15,428
28.16,522
28.17,519
28.18,539
28.19,521
28.2,528
28.21,541
28.22,478
28.23,525
28.24,526
28.25,499
28.26,524
28.27,515
28.28,505
28.29,483
28.3,519
28.31,497
28.32,489
28.33,503
28.34,528
28.35,451
28.36,527
28.37,538
28.38,504
28.39,547
28.4,510
28.41,510
28.42,537
28.43,510
28.44,520
28.45,508
28.46,503
28.47,497
28.48,504
28.49,525
28.5,505
28.51,512
28.52,522
28.53,511
28.54,519
28.55,515
28.56,512
28.57,514
28.58,512
28.59,519
28.6,504
28.61,506
28.62,508
28.63,493
28.64,522
28.65,513
28.66,511
28.67,516
28.68,493
28.69,520
28.7,507
28.71,502
28.72,512
28.73,503
28.74,519
28.75,508
28.76,511
28.77,509
28.78,479
28.79,518
28.8,514
28.81,539
28.82,527
28.83,492
28.84,516
28.85,521
28.86,511
28.87,467
28.88,438
28.89,499
28.9,525
28.91,504
28.92,536
28.93,436
28.94,535
28.95,505
28.96,514
28.97,492
28.98,509
28.99,522
29,513
29.01,499
29.02,524
29.03,504
29.04,521
29.05,507
29.06,542
29.07,519
29.08,464
29.09,540
29.1,499
29.11,523
29.12,537
29.13,527
29.14,623
29.15,492
29.16,547
29.17,588
29.18,506
29.19,519
29.2,475
29.21,515
29.22,510
29.23,512
29.24,534
29.25,509
29.26,505
29.27,479
29.28,540
29.29,471
29.3,543
29.31,537
29.32,519
29.33,492
29.34,532
29.35,509
29.36,499
29.37,534
29.38,498
29.39,542
29.4,472
29.41,490
29.42,519
29.43,495
29.44,569
29.45,466
29.46,524
29.47,497
29.48,496
29.49,531
29.5,480
29.51,509
29.52,522
29.53,521
29.54,454
29.55,511
29.56,492
29.57,527
29.58,508
29.59,515
29.6,507
29.61,501
29.62,540
29.63,519
29.64,525
29.65,505
29.66,479
29.67,536
29.68,495
29.69,523
29.7,516
29.71,496
29.72,516
29.73,513
29.74,489
29.75,500
29.76,497
29.77,522
29.78,474
29.79,546
29.8,508
29.81,499
29.82,517
29.83,501
29.84,523
29.85,507
29.86,512
29.87,541
29.88,477
29.89,521
29.9,509
29.91,496
29.92,538
29.93,524
29.94,512
29.95,536
29.96,529
29.97,488
29.98,516
29.99,538
30,487
30.01,522
30.02,505
30.03,516
30.04,512
30.05,520
30.06,490
30.07,551
30.08,494
30.09,477
30.1,547
30.11,482
30.12,453
30.13,536
30.14,524
30.15,518
30.16,530
30.17,489
30.18,530
30.19,508
30.2,501
30.21,506
30.22,507
30.23,489
30.24,519
30.25,525
30.26,504
30.27,502
30.28,451
30.29,533
30.3,498
30.31,525
30.32,533
30.33,512
30.34,508
30.35,505
30.36,522
30.37,485
30.38,504
30.39,511
30.4,490
30.41,497
30.42,521
30.43,522
30.44,534
30.45,513
30.46,501
30.47,531
30.48,489
30.49,480
30.5,512
30.51,495
30.52,522
30.53,522
30.54,525
30.55,543
30.56,491
30.57,505
30.58,464
30.59,521
30.6,506
30.61,513
30.62,490
30.63,464
30.64,513
30.65,510
30.66,508
30.67,536
30.68,493
30.69,489
30.7,503
30.71,531
30.72,515
30.73,473
30.74,531
30.75,534
30.76,507
30.77,572
30.78,523
30.79,510
30.8,506
30.81,498
30.82,511
30.83,471
30.84,526
30.85,520
30.86,485
30.87,518
30.88,501
30.89,513
30.9,523
30.91,518
30.92,531
30.93,505
30.94,527
30.95,523
30.96,545
30.97,496
30.98,482
30.99,518
31,538
31.01,531
31.02,516
31.03,508
31.04,527
31.05,517
31.06,488
31.07,531
31.08,497
31.09,520
31.1,510
31.11,515
31.12,521
31.13,510
31.14,516
31.15,511
31.16,508
31.17,518
31.18,489
31.19,511
31.2,510
31.21,504
31.22,501
31.23,510
31.24,514
31.25,508
31.26,529
31.27,523
31.28,507
31.29,490
31.3,514
31.31,500
31.32,521
31.33,520
31.34,509
31.35,511
31.36,480
31.37,520
31.38,514
31.39,513
31.4,509
31.41,505
31.42,521
31.43,508
31.44,511
31.45,511
31.46,505
31.47,519
31.48,506
31.49,512
31.5,514
31.51,506
31.52,519
31.53,504
31.54,513
31.55,510
31.56,505
31.57,517
31.58,510
31.59,500
31.6,515
31.61,509
31.62,519
31.63,503
31.64,499
31.65,484
31.66,536
31.67,530
31.68,513
31.69,512
31.7,513
31.71,524
31.72,477
31.73,528
31.74,511
31.75,505
31.76,494
31.77,476
31.78,513
31.79,521
31.8,521
31.81,501
31.82,517
31.83,515
31.84,527
31.85,527
31.86,507
31.87,523
31.88,547
31.89,515
31.9,476
31.91,499
31.92,529
31.93,516
31.94,510
31.95,540
31.96,502
31.97,530
31.98,517
31.99,523
32,498
32.01,477
32.02,520
32.03,514
32.04,492
32.05,499
32.06,517
32.07,516
32.08,500
32.09,503
32.1,505
32.11,504
32.12,527
32.13,489
32.14,532
32.15,502
32.16,512
32.17,518
32.18,515
32.19,497
32.2,457
32.21,545
32.22,483
32.23,541
32.24,511
32.25,519
32.26,512
32.27,529
32.28,505
32.29,527
32.3,505
32.31,533
32.32,508
32.33,508
32.34,521
32.35,489
32.36,507
32.37,523
32.38,516
32.39,504
32.4,515
32.41,449
32.42,517
32.43,484
32.44,521
32.45,521
32.46,509
32.47,511
32.48,534
32.49,526
32.5,513
32.51,505
32.52,456
32.53,537
32.54,498
32.55,522
32.56,504
32.57,512
32.58,503
32.59,512
32.6,537
32.61,509
32.62,498
32.63,505
32.64,502
32.65,515
32.66,508
32.67,527
32.68,514
32.69,509
32.7,514
32.71,502
32.72,516
32.73,495
32.74,512
32.75,514
32.76,505
32.77,516
32.78,513
32.79,493
32.8,511
32.81,500
32.82,516
32.83,513
32.84,504
32.85,513
32.86,498
32.87,505
32.88,519
32.89,508
32.9,513
32.91,496
32.92,517
32.93,482
32.94,515
32.95,513
32.96,511
32.97,516
32.98,508
32.99,513
33,509
33.01,504
33.02,517
33.03,508
33.04,509
33.05,514
33.06,501
33.07,502
33.08,507
33.09,508
33.1,515
33.11,504
33.12,518
33.13,509
33.14,509
33.15,516
33.16,504
33.17,516
33.18,508
33.19,509
33.2,514
33.21,498
33.22,515
33.23,492
33.24,505
33.25,517
33.26,503
33.27,506
33.28,512
33.29,505
33.3,518
33.31,503
33.32,517
33.33,511
33.34,507
33.35,512
33.36,494
33.37,515
33.38,508
33.39,507
33.4,516
33.41,491
33.42,517
33.43,510
33.44,504
33.45,516
33.46,500
33.47,515
33.48,510
33.49,499
33.5,518
33.51,507
33.52,517
33.53,506
33.54,505
33.55,513
33.56,500
33.57,516
33.58,511
33.59,504
33.6,516
33.61,504
33.62,515
33.63,513
33.64,502
33.65,505
33.66,507
33.67,518
33.68,511
33.69,506
33.7,516
33.71,504
33.72,513
33.73,511
33.74,506
33.75,517
33.76,507
33.77,519
33.78,504
33.79,507
33.8,518
33.81,502
33.82,513
33.83,508
33.84,508
33.85,518
33.86,493
33.87,502
33.88,508
33.89,503
33.9,515
33.91,505
33.92,512
33.93,504
33.94,506
33.95,504
33.96,505
33.97,517
33.98,508
33.99,513
34,504
34.01,514
34.02,518
34.03,480
34.04,506
34.05,516
34.06,504
34.07,519
34.08,499
34.09,513
34.1,519
34.11,500
34.12,517
34.13,491
34.14,508
34.15,508
34.16,509
34.17,518
34.18,511
34.19,494
34.2,523
34.21,503
34.22,512
34.23,510
34.24,508
34.25,523
34.26,501
34.27,511
34.28,507
34.29,519
34.3,517
34.31,504
34.32,515
34.33,498
34.34,508
34.35,517
34.36,507
34.37,512
34.38,509
34.39,512
34.4,512
34.41,498
34.42,502
34.43,513
34.44,509
34.45,514
34.46,507
34.47,511
34.48,510
34.49,508
34.5,519
34.51,506
34.52,513
34.53,509
34.54,507
34.55,518
34.56,508
34.57,507
34.58,507
34.59,508
34.6,518
34.61,504
34.62,512
34.63,509
34.64,505
34.65,510
34.66,505
34.67,515
34.68,511
34.69,506
34.7,518
34.71,496
34.72,517
34.73,503
34.74,513
34.75,520
34.76,505
34.77,511
34.78,511
34.79,509
34.8,519
34.81,507
34.82,511
34.83,511
34.84,506
34.85,516
34.86,508
34.87,512
34.88,510
34.89,506
34.9,517
34.91,504
34.92,512
34.93,511
34.94,505
34.95,518
34.96,506
34.97,512
34.98,510
34.99,505
35,517
35.01,504
35.02,512
35.03,510
35.04,507
35.05,518
35.06,504
35.07,513
35.08,511
35.09,511
35.1,517
35.11,506
35.12,511
35.13,510
35.14,507
35.15,518
35.16,506
35.17,513
35.18,508
35.19,509
35.2,514
35.21,507
35.22,510
35.23,509
35.24,502
35.25,519
35.26,505
35.27,510
35.28,510
35.29,508
35.3,516
35.31,508
35.32,511
35.33,513
35.34,505
35.35,516
35.36,506
35.37,511
35.38,512
35.39,508
35.4,509
35.41,508
35.42,512
35.43,513
35.44,507
35.45,516
35.46,508
35.47,512
35.48,508
35.49,509
35.5,513
35.51,512
35.52,510
35.53,512
35.54,506
35.55,514
35.56,510
35.57,509
35.58,510
35.59,507
35.6,512
35.61,505
35.62,514
35.63,512
35.64,509
35.65,515
35.66,509
35.67,508
35.68,512
35.69,504
35.7,510
35.71,509
35.72,507
35.73,509
35.74,502
35.75,510
35.76,495
35.77,511
35.78,509
35.79,508
35.8,514
35.81,511
35.82,523
35.83,501
35.84,505
35.85,515
35.86,504
35.87,495
35.88,497
35.89,513
35.9,503
35.91,520
35.92,511
35.93,506
35.94,521
35.95,507
35.96,504
35.97,529
35.98,507
35.99,497
36,520
36.01,505
36.02,507
36.03,533
36.04,433
36.05,497
36.06,519
36.07,483
36.08,532
36.09,497
36.1,531
36.11,507
36.12,523
36.13,508
36.14,506
36.15,511
36.16,511
36.17,511
36.18,515
36.19,520
36.2,524
36.21,492
36.22,512
36.23,508
36.24,520
36.25,497
36.26,508
36.27,504
36.28,502
36.29,515
36.3,528
36.31,480
36.32,514
36.33,495
36.34,528
36.35,523
36.36,506
36.37,520
36.38,520
36.39,521
36.4,525
36.41,461
36.42,504
36.43,542
36.44,501
36.45,511
36.46,488
36.47,516
36.48,495
36.49,505
36.5,510
36.51,515
36.52,513
36.53,512
36.54,508
36.55,519
36.56,498
36.57,504
36.58,505
36.59,536
36.6,517
36.61,500
36.62,510
36.63,514
36.64,496
36.65,508
36.66,478
36.67,493
36.68,521
36.69,505
36.7,518
36.71,521
36.72,519
36.73,497
36.74,493
36.75,508
36.76,516
36.77,528
36.78,522
36.79,524
36.8,496
36.81,551
36.82,500
36.83,524
36.84,505
36.85,514
36.86,514
36.87,473
36.88,507
36.89,508
36.9,528
36.91,503
36.92,502
36.93,519
36.94,485
36.95,467
36.96,480
36.97,524
36.98,489
36.99,533
37,505
37.01,471
37.02,500
37.03,528
37.04,524
37.05,563
37.06,528
37.07,514
37.08,509
37.09,523
37.1,553
37.11,502
37.12,547
37.13,536
37.14,509
37.15,506
37.16,486
37.17,515
37.18,526
37.19,543
37.2,534
37.21,491
37.22,500
37.23,503
37.24,459
37.25,480
37.26,400
37.27,515
37.28,532
37.29,476
37.3,521
37.31,496
37.32,514
37.33,470
37.34,497
37.35,518
37.36,503
37.37,527
37.38,494
37.39,508
37.4,504
37.41,503
37.42,529
37.43,526
37.44,514
37.45,519
37.46,507
37.47,509
37.48,509
37.49,492
37.5,508
37.51,487
37.52,511
37.53,508
37.54,505
37.55,504
37.56,507
37.57,513
37.58,512
37.59,514
37.6,507
37.61,498
37.62,513
37.63,512
37.64,512
37.65,504
37.66,519
37.67,501
37.68,508
37.69,503
37.7,515
37.71,506
37.72,518
37.73,512
37.74,507
37.75,513
37.76,508
37.77,508
37.78,513
37.79,506
37.8,513
37.81,502
37.82,511
37.83,508
37.84,506
37.85,512
37.86,515
37.87,514
37.88,508
37.89,505
37.9,515
37.91,505
37.92,513
37.93,510
37.94,511
37.95,517
37.96,502
37.97,514
37.98,507
37.99,506
38,519
38.01,502
38.02,513
38.03,507
38.04,508
38.05,519
38.06,504
38.07,514
38.08,507
38.09,505
38.1,514
38.11,500
38.12,513
38.13,507
38.14,508
38.15,518
38.16,504
38.17,513
38.18,505
38.19,508
38.2,518
38.21,503
38.22,513
38.23,509
38.24,502
38.25,512
38.26,511
38.27,508
38.28,512
38.29,506
38.3,511
38.31,510
38.32,505
38.33,512
38.34,507
38.35,510
38.36,511
38.37,508
38.38,512
38.39,507
38.4,511
38.41,511
38.42,508
38.43,511
38.44,509
38.45,508
38.46,511
38.47,508
38.48,510
38.49,509
38.5,501
38.51,510
38.52,507
38.53,510
38.54,509
38.55,511
38.56,510
38.57,508
38.58,511
38.59,507
38.6,509
38.61,511
38.62,508
38.63,512
38.64,506
38.65,510
38.66,511
38.67,508
38.68,511
38.69,508
38.7,510
38.71,511
38.72,507
38.73,510
38.74,507
38.75,508
38.76,511
38.77,509
38.78,512
38.79,510
38.8,510
38.81,510
38.82,509
38.83,512
38.84,508
38.85,510
38.86,512
38.87,509
38.88,512
38.89,507
38.9,510
38.91,509
38.92,508
38.93,511
38.94,507
38.95,511
38.96,511
38.97,507
38.98,513
38.99,508
39,508
39.01,510
39.02,511
39.03,511
39.04,507
39.05,509
39.06,511
39.07,510
39.08,514
39.09,509
39.1,510
39.11,510
39.12,508
39.13,510
39.14,508
39.15,510
39.16,507
39.17,510
39.18,511
39.19,510
39.2,511
39.21,510
39.22,510
39.23,511
39.24,510
39.25,510
39.26,511
39.27,506
39.28,508
39.29,509
39.3,508
39.31,511
39.32,509
39.33,512
39.34,508
39.35,510
39.36,508
39.37,506
39.38,512
39.39,512
39.4,507
39.41,510
39.42,509
39.43,511
39.44,510
39.45,512
39.46,509
39.47,508
39.48,513
39.49,510
39.5,506
39.51,511
39.52,509
39.53,513
39.54,508
39.55,510
39.56,511
39.57,504
39.58,512
39.59,507
39.6,508
39.61,510
39.62,504
39.63,511
39.64,506
39.65,512
39.66,512
39.67,508
39.68,514
39.69,507
39.7,509
39.71,511
39.72,509
39.73,508
39.74,507
39.75,510
39.76,511
39.77,506
39.78,513
39.79,510
39.8,512
39.81,512
39.82,509
39.83,512
39.84,508
39.85,511
39.86,512
39.87,505
39.88,513
39.89,508
39.9,509
39.91,510
39.92,507
39.93,512
39.94,508
39.95,511
39.96,510
39.97,507
39.98,513
39.99,502
40,511
40.01,508
40.02,510
40.03,511
40.04,510
40.05,510
40.06,510
40.07,508
40.08,510
40.09,505
40.1,511
40.11,513
40.12,509
40.13,508
40.14,507
40.15,509
40.16,512
40.17,511
40.18,511
40.19,509
40.2,508
40.21,511
40.22,511
40.23,510
40.24,508
40.25,508
40.26,510
40.27,510
40.28,512
40.29,507
40.3,510
40.31,506
40.32,504
40.33,513
40.34,509
40.35,511
40.36,507
40.37,507
40.38,512
40.39,506
40.4,512
40.41,509
40.42,510
40.43,512
40.44,510
40.45,507
40.46,508
40.47,508
40.48,513
40.49,508
40.5,513
40.51,510
40.52,510
40.53,515
40.54,505
40.55,511
40.56,508
40.57,503
40.58,512
40.59,510
40.6,514
40.61,507
40.62,509
40.63,513
40.64,508
40.65,510
40.66,511
40.67,509
40.68,512
40.69,508
40.7,512
40.71,508
40.72,509
40.73,509
40.74,508
40.75,511
40.76,504
40.77,507
40.78,512
40.79,509
40.8,511
40.81,510
40.82,507
40.83,511
40.84,506
40.85,510
40.86,508
40.87,504
40.88,513
40.89,510
40.9,512
40.91,509
40.92,509
40.93,512
40.94,496
40.95,511
40.96,510
40.97,506
40.98,512
40.99,503
41,506
41.01,512
41.02,508
41.03,512
41.04,505
41.05,511
41.06,511
41.07,503
41.08,510
41.09,508
41.1,511
41.11,510
41.12,510
41.13,515
41.14,505
41.15,514
41.16,508
41.17,509
41.18,504
41.19,509
41.2,510
41.21,497
41.22,511
41.23,513
41.24,509
41.25,512
41.26,507
41.27,509
41.28,505
41.29,510
41.3,510
41.31,509
41.32,494
41.33,511
41.34,500
41.35,511
41.36,511
41.37,505
41.38,509
41.39,501
41.4,510
41.41,519
41.42,514
41.43,510
41.44,505
41.45,528
41.46,510
41.47,503
41.48,512
41.49,519
41.5,515
41.51,510
41.52,513
41.53,499
41.54,510
41.55,522
41.56,492
41.57,523
41.58,501
41.59,514
41.6,517
41.61,511
41.62,516
41.63,543
41.64,525
41.65,513
41.66,490
41.67,496
41.68,517
41.69,506
41.7,524
41.71,520
41.72,525
41.73,508
41.74,518
41.75,487
41.76,517
41.77,505
41.78,511
41.79,522
41.8,526
41.81,527
41.82,463
41.83,497
41.84,527
41.85,474
41.86,512
41.87,513
41.88,518
41.89,501
41.9,526
41.91,488
41.92,520
41.93,516
41.94,514
41.95,521
41.96,535
41.97,524
41.98,508
41.99,494
42,517
42.01,531
42.02,507
42.03,503
42.04,512
42.05,535
42.06,505
42.07,519
42.08,505
42.09,515
42.1,512
42.11,539
42.12,497
42.13,512
42.14,516
42.15,517
42.16,532
42.17,535
42.18,515
42.19,534
42.2,522
42.21,508
42.22,508
42.23,500
42.24,476
42.25,509
42.26,525
42.27,495
42.28,521
42.29,510
42.3,513
42.31,498
42.32,510
42.33,497
42.34,496
42.35,472
42.36,538
42.37,492
42.38,515
42.39,513
42.4,536
42.41,530
42.42,530
42.43,502
42.44,531
42.45,473
42.46,488
42.47,523
42.48,529
42.49,514
42.5,496
42.51,543
42.52,516
42.53,524
42.54,476
42.55,520
42.56,510
42.57,524
42.58,526
42.59,536
42.6,496
42.61,496
42.62,476
42.63,527
42.64,524
42.65,518
42.66,500
42.67,519
42.68,508
42.69,518
42.7,503
42.71,508
42.72,498
42.73,515
42.74,485
42.75,501
42.76,511
42.77,511
42.78,525
42.79,478
42.8,510
42.81,502
42.82,502
42.83,517
42.84,507
42.85,496
42.86,499
42.87,555
42.88,470
42.89,513
42.9,536
42.91,510
42.92,495
42.93,556
42.94,505
42.95,484
42.96,514
42.97,496
42.98,546
42.99,541
43,504
43.01,543
43.02,477
43.03,529
43.04,511
43.05,502
43.06,482
43.07,508
43.08,535
43.09,573
43.1,518
43.11,493
43.12,497
43.13,439
43.14,524
43.15,544
43.16,540
43.17,477
43.18,483
43.19,517
43.2,492
43.21,537
43.22,470
43.23,508
43.24,484
43.25,485
43.26,530
43.27,534
43.28,508
43.29,492
43.3,462
43.31,543
43.32,510
43.33,492
43.34,491
43.35,481
43.36,511
43.37,515
43.38,528
43.39,506
43.4,530
43.41,590
43.42,490
43.43,508
43.44,509
43.45,517
43.46,491
43.47,579
43.48,533
43.49,534
43.5,463
43.51,548
43.52,384
43.53,554
43.54,409
43.55,337
43.56,487
43.57,508
43.58,495
43.59,496
43.6,505
43.61,497
43.62,412
43.63,562
43.64,552
43.65,494
43.66,503
43.67,535
43.68,433
43.69,425
43.7,510
43.71,470
43.72,526
43.73,475
43.74,619
43.75,516
43.76,533
43.77,508
43.78,480
43.79,530
43.8,480
43.81,501
43.82,550
43.83,515
43.84,573
43.85,494
43.86,489
43.87,510
43.88,500
43.89,547
43.9,518
43.91,513
43.92,496
43.93,539
43.94,540
43.95,480
43.96,554
43.97,500
43.98,547
43.99,536
44,508
44.01,485
44.02,448
44.03,572
44.04,497
44.05,552
44.06,526
44.07,512
44.08,513
44.09,539
44.1,482
44.11,473
44.12,503
44.13,450
44.14,516
44.15,515
44.16,560
44.17,531
44.18,518
44.19,511
44.2,511
44.21,493
44.22,538
44.23,527
44.24,515
44.25,523
44.26,489
44.27,507
44.28,519
44.29,483
44.3,507
44.31,512
44.32,538
44.33,512
44.34,544
44.35,492
44.36,489
44.37,499
44.38,504
44.39,539
44.4,531
44.41,524
44.42,501
44.43,527
44.44,527
44.45,544
44.46,525
44.47,510
44.48,509
44.49,527
44.5,498
44.51,504
44.52,534
44.53,467
44.54,483
44.55,539
44.56,504
44.57,487
44.58,517
44.59,512
44.6,471
44.61,513
44.62,512
44.63,524
44.64,524
44.65,517
44.66,516
44.67,505
44.68,508
44.69,515
44.7,538
44.71,525
44.72,526
44.73,500
44.74,508
44.75,511
44.76,502
44.77,505
44.78,516
44.79,508
44.8,512
44.81,500
44.82,508
44.83,514
44.84,511
44.85,511
44.86,514
44.87,508
44.88,508
44.89,501
44.9,518
44.91,514
44.92,506
44.93,512
44.94,507
44.95,515
44.96,510
44.97,508
44.98,513
44.99,499
45,514
45.01,511
45.02,505
45.03,512
45.04,504
45.05,511
45.06,511
45.07,513
45.08,510
45.09,511
45.1,513
45.11,510
45.12,508
45.13,498
45.14,512
45.15,513
45.16,512
45.17,507
45.18,511
45.19,507
45.2,521
45.21,512
45.22,511
45.23,510
45.24,509
45.25,516
45.26,498
45.27,508
45.28,515
45.29,512
45.3,515
45.31,511
45.32,508
45.33,510
45.34,506
45.35,513
45.36,517
45.37,513
45.38,496
45.39,517
45.4,511
45.41,512
45.42,509
45.43,515
45.44,513
45.45,517
45.46,513
45.47,487
45.48,514
45.49,481
45.5,529
45.51,510
45.52,502
45.53,513
45.54,510
45.55,510
45.56,515
45.57,497
45.58,514
45.59,508
45.6,514
45.61,511
45.62,501
45.63,514
45.64,501
45.65,512
45.66,511
45.67,509
45.68,510
45.69,510
45.7,514
45.71,510
45.72,509
45.73,515
45.74,497
45.75,514
45.76,512
45.77,507
45.78,510
45.79,507
45.8,515
45.81,509
45.82,507
45.83,504
45.84,507
45.85,517
45.86,506
45.87,503
45.88,520
45.89,491
45.9,516
45.91,523
45.92,508
45.93,511
45.94,525
45.95,555
45.96,525
45.97,481
45.98,514
45.99,531
46,531
46.01,491
46.02,524
46.03,470
46.04,500
46.05,498
46.06,492
46.07,493
46.08,514
46.09,521
46.1,518
46.11,542
46.12,483
46.13,491
46.14,511
46.15,538
46.16,487
46.17,496
46.18,499
46.19,498
46.2,550
46.21,492
46.22,489
46.23,515
46.24,506
46.25,545
46.26,512
46.27,497
46.28,510
46.29,503
46.3,484
46.31,542
46.32,497
46.33,505
46.34,516
46.35,517
46.36,508
46.37,516
46.38,514
46.39,492
46.4,497
46.41,496
46.42,484
46.43,529
46.44,502
46.45,536
46.46,523
46.47,557
46.48,529
46.49,488
46.5,544
46.51,511
46.52,532
46.53,510
46.54,502
46.55,520
46.56,483
46.57,520
46.58,511
46.59,475
46.6,492
46.61,508
46.62,509
46.63,481
46.64,517
46.65,527
46.66,525
46.67,538
46.68,516
46.69,519
46.7,515
46.71,511
46.72,512
46.73,510
46.74,509
46.75,502
46.76,509
46.77,511
46.78,514
46.79,507
46.8,521
46.81,512
46.82,511
46.83,509
46.84,507
46.85,513
46.86,506
46.87,509
46.88,512
46.89,508
46.9,516
46.91,509
46.92,507
46.93,516
46.94,505
46.95,511
46.96,513
46.97,508
46.98,512
46.99,505
47,512
47.01,507
47.02,508
47.03,514
47.04,513
47.05,516
47.06,524
47.07,457
47.08,524
47.09,514
47.1,515
47.11,516
47.12,495
47.13,514
47.14,496
47.15,510
47.16,519
47.17,509
47.18,515
47.19,500
47.2,520
47.21,521
47.22,514
47.23,516
47.24,500
47.25,519
47.26,494
47.27,502
47.28,508
47.29,519
47.3,518
47.31,515
47.32,505
47.33,525
47.34,509
47.35,520
47.36,508
47.37,508
47.38,509
47.39,501
47.4,520
47.41,504
47.42,505
47.43,517
47.44,508
47.45,509
47.46,517
47.47,500
47.48,516
47.49,507
47.5,513
47.51,507
47.52,535
47.53,522
47.54,514
47.55,519
47.56,509
47.57,505
47.58,518
47.59,505
47.6,518
47.61,505
47.62,510
47.63,514
47.64,509
47.65,521
47.66,496
47.67,459
47.68,532
47.69,511
47.7,495
47.71,524
47.72,512
47.73,520
47.74,518
47.75,517
47.76,526
47.77,513
47.78,525
47.79,499
47.8,519
47.81,514
47.82,522
47.83,517
47.84,478
47.85,501
47.86,526
47.87,498
47.88,515
47.89,522
47.9,550
47.91,502
47.92,523
47.93,520
47.94,509
47.95,526
47.96,559
47.97,433
47.98,560
47.99,529
48,520
48.01,496
48.02,493
48.03,540
48.04,517
48.05,472
48.06,529
48.07,499
48.08,493
48.09,506
48.1,544
48.11,455
48.12,514
48.13,509
48.14,526
48.15,489
48.16,479
48.17,546
48.18,493
48.19,507
48.2,544
48.21,502
48.22,505
48.23,485
48.24,520
48.25,550
48.26,454
48.27,462
48.28,568
48.29,504
48.3,509
48.31,511
48.32,518
48.33,492
48.34,537
48.35,525
48.36,476
48.37,464
48.38,499
48.39,488
48.4,506
48.41,484
48.42,515
48.43,521
48.44,532
48.45,520
48.46,534
48.47,519
48.48,505
48.49,547
48.5,504
48.51,470
48.52,473
48.53,525
48.54,513
48.55,519
48.56,516
48.57,508
48.58,523
48.59,521
48.6,515
48.61,511
48.62,518
48.63,513
48.64,503
48.65,514
48.66,508
48.67,489
48.68,511
48.69,506
48.7,513
48.71,505
48.72,514
48.73,508
48.74,506
48.75,519
48.76,502
48.77,508
48.78,511
48.79,505
48.8,523
48.81,520
48.82,515
48.83,503
48.84,512
48.85,514
48.86,500
48.87,508
48.88,515
48.89,504
48.9,517
48.91,510
48.92,511
48.93,513
48.94,506
48.95,515
48.96,508
48.97,508
48.98,514
48.99,500
49,519
49.01,495
49.02,509
49.03,514
49.04,508
49.05,516
49.06,508
49.07,508
49.08,510
49.09,506
49.1,511
49.11,504
49.12,511
49.13,512
49.14,508
49.15,512
49.16,511
49.17,511
49.18,513
49.19,507
49.2,515
49.21,507
49.22,510
49.23,504
49.24,507
49.25,516
49.26,507
49.27,511
49.28,510
49.29,513
49.3,510
49.31,508
49.32,511
49.33,512
49.34,507
49.35,516
49.36,505
49.37,509
49.38,512
49.39,507
49.4,516
49.41,505
49.42,510
49.43,509
49.44,504
49.45,512
49.46,504
49.47,507
49.48,514
49.49,507
49.5,515
49.51,498
49.52,513
49.53,511
49.54,508
49.55,516
49.56,504
49.57,512
49.58,516
49.59,504
49.6,514
49.61,508
49.62,506
49.63,509
49.64,503
49.65,514
49.66,505
49.67,509
49.68,513
49.69,508
49.7,515
49.71,501
49.72,504
49.73,505
49.74,510
49.75,522
49.76,499
49.77,512
49.78,495
49.79,505
49.8,518
49.81,508
49.82,506
49.83,515
49.84,504
49.85,515
49.86,499
49.87,518
49.88,512
49.89,494
49.9,516
49.91,504
49.92,503
49.93,513
49.94,505
49.95,515
49.96,506
49.97,508
49.98,515
49.99,514
50,521
50.01,500
50.02,516
50.03,513
50.04,497
50.05,510
50.06,502
50.07,507
50.08,508
50.09,509
50.1,521
50.11,505
50.12,513
50.13,511
50.14,509
50.15,522
50.16,506
50.17,511
50.18,512
50.19,507
50.2,518
50.21,512
50.22,511
50.23,511
50.24,505
50.25,519
50.26,512
50.27,511
50.28,509
50.29,503
50.3,512
50.31,508
50.32,512
50.33,512
50.34,504
50.35,515
50.36,507
50.37,511
50.38,515
50.39,505
50.4,521
50.41,507
50.42,516
50.43,515
50.44,503
50.45,518
50.46,509
50.47,516
50.48,516
50.49,506
50.5,512
50.51,504
50.52,510
50.53,511
50.54,504
50.55,517
50.56,504
50.57,506
50.58,509
50.59,512
50.6,515
50.61,511
50.62,507
50.63,516
50.64,501
50.65,521
50.66,505
50.67,511
50.68,513
50.69,509
50.7,517
50.71,508
50.72,503
50.73,513
50.74,508
50.75,517
50.76,507
50.77,511
50.78,513
50.79,508
50.8,517
50.81,506
50.82,513
50.83,507
50.84,506
50.85,519
50.86,504
50.87,518
50.88,512
50.89,506
50.9,518
50.91,504
50.92,510
50.93,510
50.94,510
50.95,516
50.96,503
50.97,512
50.98,504
50.99,505
51,516
51.01,500
51.02,504
51.03,511
51.04,502
51.05,518
51.06,501
51.07,492
51.08,507
51.09,516
51.1,518
51.11,495
51.12,512
51.13,512
51.14,500
51.15,522
51.16,504
51.17,511
51.18,514
51.19,505
51.2,518
51.21,504
51.22,508
51.23,519
51.24,501
51.25,516
51.26,505
51.27,512
51.28,513
51.29,503
51.3,510
51.31,499
51.32,513
51.33,513
51.34,509
51.35,517
51.36,496
51.37,512
51.38,511
51.39,505
51.4,519
51.41,503
51.42,505
51.43,510
51.44,507
51.45,512
51.46,505
51.47,509
51.48,508
51.49,505
51.5,512
51.51,500
51.52,516
51.53,505
51.54,508
51.55,508
51.56,502
51.57,514
51.58,485
51.59,508
51.6,518
51.61,504
51.62,506
51.63,520
51.64,500
51.65,511
51.66,499
51.67,515
51.68,510
51.69,506
51.7,515
51.71,502
51.72,518
51.73,511
51.74,511
51.75,515
51.76,512
51.77,521
51.78,512
51.79,504
51.8,517
51.81,504
51.82,505
51.83,509
51.84,504
51.85,524
51.86,510
51.87,523
51.88,511
51.89,504
51.9,513
51.91,506
51.92,511
51.93,516
51.94,527
51.95,500
51.96,505
51.97,509
51.98,496
51.99,504
52,520
52.01,509
52.02,490
52.03,511
52.04,484
52.05,519
52.06,501
52.07,472
52.08,488
52.09,511
52.1,520
52.11,506
52.12,500
52.13,535
52.14,476
52.15,507
52.16,499
52.17,520
52.18,505
52.19,519
52.2,504
52.21,489
52.22,521
52.23,537
52.24,467
52.25,513
52.26,468
52.27,558
52.28,522
52.29,500
52.3,472
52.31,525
52.32,484
52.33,506
52.34,516
52.35,504
52.36,463
52.37,540
52.38,504
52.39,492
52.4,442
52.41,518
52.42,549
52.43,513
52.44,527
52.45,547
52.46,529
52.47,555
52.48,514
52.49,480
52.5,494
52.51,486
52.52,521
52.53,473
52.54,510
52.55,479
52.56,513
52.57,489
52.58,499
52.59,477
52.6,509
52.61,577
52.62,480
52.63,515
52.64,515
52.65,554
52.66,534
52.67,526
52.68,546
52.69,530
52.7,542
52.71,498
52.72,472
52.73,542
52.74,512
52.75,527
52.76,483
52.77,535
52.78,526
52.79,461
52.8,546
52.81,497
52.82,531
52.83,546
52.84,516
52.85,520
52.86,501
52.87,530
52.88,553
52.89,492
52.9,534
52.91,493
52.92,526
52.93,487
52.94,537
52.95,497
52.96,510
52.97,504
52.98,539
52.99,476
53,501
53.01,539
53.02,490
53.03,496
53.04,503
53.05,501
53.06,468
53.07,534
53.08,519
53.09,510
53.1,529
53.11,468
53.12,507
53.13,502
53.14,512
53.15,544
53.16,527
53.17,516
53.18,600
53.19,518
53.2,520
53.21,488
53.22,533
53.23,529
53.24,473
53.25,523
53.26,496
53.27,536
53.28,491
53.29,487
53.3,540
53.31,488
53.32,479
53.33,505
53.34,514
53.35,526
53.36,536
53.37,497
53.38,535
53.39,489
53.4,539
53.41,512
53.42,502
53.43,526
53.44,508
53.45,462
53.46,546
53.47,477
53.48,534
53.49,500
53.5,498
53.51,513
53.52,505
53.53,515
53.54,481
53.55,507
53.56,493
53.57,427
53.58,516
53.59,554
53.6,556
53.61,523
53.62,529
53.63,480
53.64,497
53.65,502
53.66,463
53.67,495
53.68,504
53.69,519
53.7,496
53.71,521
53.72,475
53.73,482
53.74,512
53.75,513
53.76,517
53.77,545
53.78,553
53.79,526
53.8,543
53.81,512
53.82,505
53.83,493
53.84,523
53.85,510
53.86,483
53.87,523
53.88,529
53.89,527
53.9,542
53.91,511
53.92,541
53.93,505
53.94,529
53.95,503
53.96,534
53.97,505
53.98,496
53.99,465
54,502
54.01,464
54.02,515
54.03,520
54.04,521
54.05,556
54.06,488
54.07,527
54.08,491
54.09,507
54.1,495
54.11,479
54.12,531
54.13,529
54.14,532
54.15,499
54.16,476
54.17,534
54.18,463
54.19,500
54.2,526
54.21,431
54.22,526
54.23,459
54.24,497
54.25,527
54.26,513
54.27,493
54.28,536
54.29,410
54.3,522
54.31,501
54.32,542
54.33,463
54.34,499
54.35,527
54.36,460
54.37,496
54.38,516
54.39,529
54.4,487
54.41,516
54.42,419
54.43,619
54.44,488
54.45,595
54.46,551
54.47,527
54.48,502
54.49,557
54.5,557
54.51,495
54.52,543
54.53,467
54.54,454
54.55,545
54.56,630
54.57,502
54.58,492
54.59,538
54.6,388
54.61,531
54.62,552
54.63,526
54.64,567
54.65,525
54.66,532
54.67,516
54.68,578
54.69,442
54.7,564
54.71,464
54.72,495
54.73,551
54.74,541
54.75,483
54.76,500
54.77,552
54.78,558
54.79,517
54.8,549
54.81,563
54.82,400
54.83,533
54.84,500
54.85,571
54.86,557
54.87,442
54.88,530
54.89,537
54.9,476
54.91,558
54.92,509
54.93,514
54.94,496
54.95,441
54.96,487
54.97,495
54.98,579
54.99,487
55,523
55.01,528
55.02,518
55.03,487
55.04,439
55.05,547
55.06,494
55.07,493
55.08,484
55.09,476
55.1,459
55.11,515
55.12,488
55.13,557
55.14,557
55.15,556
55.16,486
55.17,582
55.18,503
55.19,521
55.2,520
55.21,460
55.22,501
55.23,469
55.24,522
55.25,531
55.26,480
55.27,491
55.28,512
55.29,451
55.3,536
55.31,529
55.32,493
55.33,535
55.34,449
55.35,465
55.36,499
55.37,492
55.38,552
55.39,506
55.4,503
55.41,491
55.42,515
55.43,496
55.44,504
55.45,513
55.46,519
55.47,532
55.48,516
55.49,576
55.5,515
55.51,487
55.52,548
55.53,494
55.54,515
55.55,500
55.56,466
55.57,548
55.58,433
55.59,509
55.6,472
55.61,541
55.62,573
55.63,460
55.64,496
55.65,522
55.66,527
55.67,519
55.68,528
55.69,493
55.7,492
55.71,466
55.72,465
55.73,525
55.74,542
55.75,571
55.76,520
55.77,483
55.78,519
55.79,502
55.8,501
55.81,538
55.82,522
55.83,495
55.84,484
55.85,518
55.86,527
55.87,496
55.88,534
55.89,442
55.9,480
55.91,509
55.92,536
55.93,495
55.94,504
55.95,535
55.96,498
55.97,536
55.98,451
55.99,471
56,467
56.01,427
56.02,519
56.03,531
56.04,510
56.05,485
56.06,509
56.07,521
56.08,523
56.09,519
56.1,493
56.11,492
56.12,527
56.13,519
56.14,498
56.15,525
56.16,496
56.17,485
56.18,505
56.19,525
56.2,507
56.21,480
56.22,462
56.23,491
56.24,456
56.25,534
56.26,498
56.27,502
56.28,522
56.29,530
56.3,516
56.31,509
56.32,487
56.33,510
56.34,469
56.35,518
56.36,495
56.37,519
56.38,521
56.39,506
56.4,510
56.41,507
56.42,504
56.43,512
56.44,502
56.45,516
56.46,520
56.47,530
56.48,500
56.49,512
56.5,511
56.51,536
56.52,539
56.53,528
56.54,499
56.55,488
56.56,481
56.57,550
56.58,529
56.59,582
56.6,557
56.61,448
56.62,517
56.63,475
56.64,520
56.65,510
56.66,535
56.67,539
56.68,537
56.69,562
56.7,483
56.71,499
56.72,525
56.73,510
56.74,519
56.75,557
56.76,548
56.77,541
56.78,516
56.79,496
56.8,519
56.81,519
56.82,440
56.83,523
56.84,512
56.85,560
56.86,559
56.87,487
56.88,494
56.89,362
56.9,550
56.91,448
56.92,408
56.93,457
56.94,536
56.95,610
56.96,482
56.97,483
56.98,575
56.99,462
57,525
57.01,508
57.02,575
57.03,514
57.04,491
57.05,344
57.06,486
57.07,492
57.08,583
57.09,537
57.1,572
57.11,499
57.12,556
57.13,454
57.14,391
57.15,517
57.16,503
57.17,525
57.18,494
57.19,523
57.2,481
57.21,543
57.22,438
57.23,507
57.24,598
57.25,422
57.26,524
57.27,504
57.28,428
57.29,484
57.3,529
57.31,593
57.32,527
57.33,451
57.34,522
57.35,499
57.36,494
57.37,500
57.38,530
57.39,503
57.4,508
57.41,425
57.42,504
57.43,523
57.44,512
57.45,528
57.46,500
57.47,552
57.48,553
57.49,519
57.5,517
57.51,547
57.52,486
57.53,487
57.54,554
57.55,463
57.56,483
57.57,528
57.58,451
57.59,486
57.6,517
57.61,418
57.62,542
57.63,471
57.64,494
57.65,479
57.66,475
57.67,507
57.68,481
57.69,493
57.7,479
57.71,511
57.72,601
57.73,532
57.74,511
57.75,523
57.76,524
57.77,473
57.78,479
57.79,465
57.8,551
57.81,531
57.82,504
57.83,492
57.84,518
57.85,499
57.86,458
57.87,484
57.88,514
57.89,419
57.9,497
57.91,485
57.92,508
57.93,492
57.94,459
57.95,557
57.96,456
57.97,467
57.98,532
57.99,500
58,518
58.01,503
58.02,530
58.03,480
58.04,514
58.05,528
58.06,515
58.07,510
58.08,512
58.09,518
58.1,549
58.11,509
58.12,497
58.13,527
58.14,470
58.15,499
58.16,536
58.17,536
58.18,556
58.19,505
58.2,524
58.21,505
58.22,488
58.23,509
58.24,515
58.25,506
58.26,494
58.27,511
58.28,512
58.29,513
58.3,486
58.31,507
58.32,510
58.33,555
58.34,495
58.35,511
58.36,502
58.37,511
58.38,510
58.39,514
58.4,511
58.41,508
58.42,527
58.43,505
58.44,489
58.45,507
58.46,506
58.47,539
58.48,529
58.49,495
58.5,512
58.51,520
58.52,509
58.53,525
58.54,502
58.55,538
58.56,507
58.57,523
58.58,513
58.59,516
58.6,535
58.61,519
58.62,488
58.63,492
58.64,514
58.65,515
58.66,503
58.67,512
58.68,523
58.69,494
58.7,515
58.71,504
58.72,471
58.73,512
58.74,510
58.75,469
58.76,506
58.77,468
58.78,519
58.79,509
58.8,521
58.81,496
58.82,508
58.83,522
58.84,527
58.85,532
58.86,522
58.87,519
58.88,508
58.89,503
58.9,517
58.91,507
58.92,510
58.93,511
58.94,505
58.95,520
58.96,504
58.97,510
58.98,511
58.99,507
59,513
59.01,508
59.02,507
59.03,514
59.04,520
59.05,514
59.06,477
59.07,509
59.08,516
59.09,504
59.1,512
59.11,527
59.12,510
59.13,515
59.14,537
59.15,513
59.16,504
59.17,533
59.18,489
59.19,537
59.2,489
59.21,521
59.22,507
59.23,515
59.24,516
59.25,559
59.26,487
59.27,512
59.28,511
59.29,506
59.3,511
59.31,500
59.32,505
59.33,523
59.34,505
59.35,521
59.36,508
59.37,512
59.38,510
59.39,513
59.4,510
59.41,506
59.42,515
59.43,502
59.44,518
59.45,502
59.46,480
59.47,517
59.48,515
59.49,503
59.5,514
59.51,509
59.52,516
59.53,490
59.54,491
59.55,524
59.56,497
59.57,499
59.58,518
59.59,488
59.6,518
59.61,510
59.62,519
59.63,515
59.64,506
59.65,515
59.66,502
59.67,512
59.68,504
59.69,508
59.7,514
59.71,507
59.72,510
59.73,512
59.74,503
59.75,514
59.76,507
59.77,510
59.78,510
59.79,510
59.8,504
59.81,511
59.82,508
59.83,513
59.84,506
59.85,515
59.86,504
59.87,510
59.88,514
59.89,507
59.9,514
59.91,505
59.92,509
59.93,510
59.94,508
59.95,517
59.96,504
59.97,511
59.98,512
59.99,506
60,515
60.01,505
60.02,511
60.03,511
60.04,510
60.05,526
60.06,503
60.07,517
60.08,504
60.09,509
60.1,514
60.11,504
60.12,511
60.13,515
60.14,506
60.15,514
60.16,510
60.17,504
60.18,522
60.19,476
60.2,523
60.21,507
60.22,511
60.23,512
60.24,503
60.25,514
60.26,508
60.27,507
60.28,521
60.29,514
60.3,516
60.31,511
60.32,510
60.33,512
60.34,505
60.35,515
60.36,506
60.37,512
60.38,504
60.39,515
60.4,517
60.41,507
60.42,509
60.43,512
60.44,507
60.45,513
60.46,505
60.47,507
60.48,514
60.49,505
60.5,515
60.51,504
60.52,511
60.53,513
60.54,508
60.55,514
60.56,504
60.57,509
60.58,508
60.59,507
60.6,526
60.61,488
60.62,509
60.63,512
60.64,507
60.65,514
60.66,507
60.67,511
60.68,513
60.69,508
60.7,517
60.71,507
60.72,508
60.73,511
60.74,507
60.75,510
60.76,506
60.77,513
60.78,519
60.79,504
60.8,514
60.81,505
60.82,510
60.83,515
60.84,507
60.85,521
60.86,508
60.87,509
60.88,510
60.89,505
60.9,516
60.91,508
60.92,495
60.93,512
60.94,506
60.95,516
60.96,506
60.97,511
60.98,511
60.99,507
61,514
61.01,504
61.02,509
61.03,510
61.04,506
61.05,515
61.06,506
61.07,508
61.08,512
61.09,504
61.1,513
61.11,505
61.12,510
61.13,512
61.14,505
61.15,515
61.16,505
61.17,511
61.18,511
61.19,504
61.2,512
61.21,508
61.22,511
61.23,510
61.24,505
61.25,514
61.26,507
61.27,510
61.28,512
61.29,507
61.3,514
61.31,504
61.32,511
61.33,512
61.34,508
61.35,515
61.36,506
61.37,511
61.38,513
61.39,507
61.4,514
61.41,506
61.42,510
61.43,511
61.44,504
61.45,515
61.46,503
61.47,512
61.48,511
61.49,508
61.5,513
61.51,504
61.52,512
61.53,512
61.54,504
61.55,516
61.56,504
61.57,512
61.58,511
61.59,505
61.6,515
61.61,505
61.62,509
61.63,511
61.64,508
61.65,515
61.66,505
61.67,507
61.68,512
61.69,506
61.7,514
61.71,507
61.72,510
61.73,513
61.74,504
61.75,513
61.76,506
61.77,511
61.78,511
61.79,506
61.8,515
61.81,503
61.82,511
61.83,511
61.84,507
61.85,513
61.86,504
61.87,511
61.88,513
61.89,505
61.9,515
61.91,504
61.92,508
61.93,511
61.94,508
61.95,514
61.96,504
61.97,512
61.98,511
61.99,506
62,514
62.01,505
62.02,511
62.03,512
62.04,507
62.05,513
62.06,504
62.07,510
62.08,512
62.09,508
62.1,517
62.11,506
62.12,510
62.13,512
62.14,505
62.15,514
62.16,508
62.17,510
62.18,511
62.19,508
62.2,516
62.21,503
62.22,509
62.23,512
62.24,505
62.25,514
62.26,505
62.27,509
62.28,508
62.29,506
62.3,514
62.31,504
62.32,508
62.33,513
62.34,505
62.35,516
62.36,504
62.37,511
62.38,511
62.39,505
62.4,514
62.41,505
62.42,508
62.43,511
62.44,506
62.45,516
62.46,505
62.47,512
62.48,511
62.49,505
62.5,515
62.51,505
62.52,510
62.53,511
62.54,504
62.55,513
62.56,505
62.57,510
62.58,512
62.59,507
62.6,515
62.61,505
62.62,510
62.63,512
62.64,505
62.65,514
62.66,504
62.67,510
62.68,511
62.69,505
62.7,515
62.71,506
62.72,512
62.73,511
62.74,507
62.75,514
62.76,505
62.77,510
62.78,512
62.79,506
62.8,514
62.81,504
62.82,508
62.83,512
62.84,506
62.85,516
62.86,505
62.87,510
62.88,514
62.89,502
62.9,516
62.91,504
62.92,510
62.93,511
62.94,504
62.95,512
62.96,505
62.97,511
62.98,510
62.99,506
63,515
63.01,506
63.02,518
63.03,511
63.04,508
63.05,518
63.06,502
63.07,515
63.08,503
63.09,504
63.1,511
63.11,505
63.12,506
63.13,499
63.14,509
63.15,515
63.16,503
63.17,519
63.18,518
63.19,499
63.2,516
63.21,505
63.22,508
63.23,510
63.24,507
63.25,514
63.26,495
63.27,515
63.28,512
63.29,508
63.3,521
63.31,510
63.32,507
63.33,488
63.34,512
63.35,512
63.36,498
63.37,503
63.38,510
63.39,499
63.4,516
63.41,470
63.42,505
63.43,521
63.44,510
63.45,535
63.46,510
63.47,510
63.48,503
63.49,512
63.5,515
63.51,503
63.52,499
63.53,508
63.54,485
63.55,515
63.56,508
63.57,491
63.58,511
63.59,490
63.6,511
63.61,501
63.62,520
63.63,524
63.64,515
63.65,519
63.66,515
63.67,508
63.68,507
63.69,517
63.7,525
63.71,513
63.72,511
63.73,511
63.74,504
63.75,512
63.76,517
63.77,505
63.78,499
63.79,506
63.8,516
63.81,496
63.82,512
63.83,520
63.84,512
63.85,522
63.86,506
63.87,511
63.88,511
63.89,491
63.9,505
63.91,505
63.92,507
63.93,512
63.94,505
63.95,523
63.96,495
63.97,507
63.98,518
63.99,508
64,519
64.01,505
64.02,511
64.03,510
64.04,505
64.05,508
64.06,503
64.07,505
64.08,512
64.09,506
64.1,517
64.11,505
64.12,510
64.13,513
64.14,507
64.15,513
64.16,509
64.17,507
64.18,518
64.19,505
64.2,507
64.21,507
64.22,511
64.23,513
64.24,508
64.25,515
64.26,505
64.27,510
64.28,508
64.29,505
64.3,513
64.31,505
64.32,508
64.33,511
64.34,505
64.35,514
64.36,503
64.37,503
64.38,513
64.39,509
64.4,514
64.41,505
64.42,510
64.43,510
64.44,507
64.45,514
64.46,505
64.47,512
64.48,513
64.49,507
64.5,511
64.51,507
64.52,512
64.53,512
64.54,494
64.55,518
64.56,505
64.57,509
64.58,514
64.59,508
64.6,509
64.61,494
64.62,505
64.63,511
64.64,507
64.65,513
64.66,511
64.67,510
64.68,513
64.69,505
64.7,511
64.71,508
64.72,511
64.73,513
64.74,507
64.75,513
64.76,505
64.77,508
64.78,510
64.79,507
64.8,517
64.81,507
64.82,509
64.83,509
64.84,510
64.85,513
64.86,509
64.87,511
64.88,512
64.89,504
64.9,513
64.91,508
64.92,510
64.93,512
64.94,507
64.95,513
64.96,501
64.97,510
64.98,507
64.99,507
65,517
65.01,500
65.02,509
65.03,514
65.04,511
65.05,516
65.06,505
65.07,513
65.08,514
65.09,506
65.1,516
65.11,500
65.12,510
65.13,513
65.14,510
65.15,503
65.16,510
65.17,516
65.18,524
65.19,499
65.2,511
65.21,511
65.22,514
65.23,515
65.24,511
65.25,516
65.26,483
65.27,512
65.28,510
65.29,501
65.3,510
65.31,531
65.32,493
65.33,521
65.34,506
65.35,521
65.36,528
65.37,519
65.38,514
65.39,513
65.4,533
65.41,508
65.42,513
65.43,497
65.44,514
65.45,514
65.46,524
65.47,515
65.48,512
65.49,532
65.5,530
65.51,530
65.52,497
65.53,510
65.54,530
65.55,499
65.56,535
65.57,490
65.58,489
65.59,513
65.6,496
65.61,525
65.62,512
65.63,476
65.64,473
65.65,522
65.66,544
65.67,522
65.68,508
65.69,515
65.7,524
65.71,507
65.72,517
65.73,567
65.74,475
65.75,528
65.76,503
65.77,514
65.78,514
65.79,545
65.8,450
65.81,504
65.82,491
65.83,519
65.84,507
65.85,519
65.86,509
65.87,497
65.88,519
65.89,511
65.9,520
65.91,515
65.92,496
65.93,516
65.94,509
65.95,518
65.96,507
65.97,497
65.98,497
65.99,511
66,508
66.01,517
66.02,479
66.03,525
66.04,507
66.05,517
66.06,507
66.07,512
66.08,511
66.09,494
66.1,516
66.11,511
66.12,509
66.13,510
66.14,511
66.15,528
66.16,509
66.17,508
66.18,515
66.19,499
66.2,514
66.21,502
66.22,512
66.23,508
66.24,508
66.25,515
66.26,505
66.27,512
66.28,511
66.29,507
66.3,514
66.31,509
66.32,509
66.33,510
66.34,515
66.35,526
66.36,507
66.37,508
66.38,511
66.39,508
66.4,516
66.41,507
66.42,509
66.43,512
66.44,506
66.45,513
66.46,508
66.47,510
66.48,508
66.49,506
66.5,518
66.51,511
66.52,506
66.53,513
66.54,508
66.55,514
66.56,509
66.57,504
66.58,510
66.59,506
66.6,518
66.61,507
66.62,510
66.63,514
66.64,504
66.65,517
66.66,505
66.67,513
66.68,514
66.69,492
66.7,520
66.71,508
66.72,511
66.73,505
66.74,508
66.75,512
66.76,510
66.77,510
66.78,508
66.79,508
66.8,518
66.81,512
66.82,510
66.83,511
66.84,511
66.85,518
66.86,514
66.87,511
66.88,512
66.89,499
66.9,518
66.91,510
66.92,511
66.93,510
66.94,505
66.95,519
66.96,508
66.97,508
66.98,512
66.99,506
67,518
67.01,508
67.02,511
67.03,515
67.04,508
67.05,510
67.06,510
67.07,510
67.08,500
67.09,511
67.1,516
67.11,509
67.12,510
67.13,512
67.14,504
67.15,519
67.16,503
67.17,509
67.18,510
67.19,505
67.2,519
67.21,509
67.22,510
67.23,511
67.24,508
67.25,518
67.26,510
67.27,510
67.28,513
67.29,505
67.3,516
67.31,511
67.32,508
67.33,513
67.34,507
67.35,516
67.36,510
67.37,511
67.38,514
67.39,506
67.4,521
67.41,508
67.42,506
67.43,520
67.44,504
67.45,507
67.46,514
67.47,508
67.48,509
67.49,513
67.5,531
67.51,512
67.52,504
67.53,540
67.54,517
67.55,524
67.56,519
67.57,497
67.58,516
67.59,531
67.6,515
67.61,511
67.62,488
67.63,535
67.64,534
67.65,517
67.66,515
67.67,504
67.68,498
67.69,472
67.7,511
67.71,499
67.72,504
67.73,531
67.74,519
67.75,521
67.76,510
67.77,502
67.78,508
67.79,523
67.8,525
67.81,515
67.82,518
67.83,503
67.84,500
67.85,512
67.86,515
67.87,488
67.88,528
67.89,520
67.9,520
67.91,503
67.92,517
67.93,482
67.94,535
67.95,559
67.96,476
67.97,520
67.98,532
67.99,499
68,527
68.01,544
68.02,453
68.03,536
68.04,503
68.05,521
68.06,472
68.07,569
68.08,470
68.09,479
68.1,539
68.11,505
68.12,514
68.13,559
68.14,511
68.15,532
68.16,468
68.17,489
68.18,531
68.19,534
68.2,558
68.21,513
68.22,530
68.23,460
68.24,522
68.25,513
68.26,512
68.27,519
68.28,498
68.29,503
68.3,486
68.31,528
68.32,488
68.33,512
68.34,513
68.35,511
68.36,506
68.37,513
68.38,525
68.39,498
68.4,512
68.41,511
68.42,520
68.43,519
68.44,515
68.45,507
68.46,511
68.47,513
68.48,501
68.49,514
68.5,509
68.51,504
68.52,522
68.53,518
68.54,514
68.55,514
68.56,514
68.57,504
68.58,513
68.59,502
68.6,511
68.61,527
68.62,511
68.63,523
68.64,510
68.65,516
68.66,508
68.67,510
68.68,519
68.69,509
68.7,515
68.71,506
68.72,515
68.73,515
68.74,502
68.75,516
68.76,509
68.77,506
68.78,513
68.79,504
68.8,516
68.81,511
68.82,505
68.83,514
68.84,507
68.85,516
68.86,510
68.87,508
68.88,512
68.89,507
68.9,518
68.91,515
68.92,512
68.93,514
68.94,505
68.95,518
68.96,511
68.97,506
68.98,510
68.99,511
69,511
69.01,515
69.02,506
69.03,510
69.04,510
69.05,518
69.06,510
69.07,508
69.08,513
69.09,509
69.1,512
69.11,508
69.12,496
69.13,514
69.14,508
69.15,515
69.16,513
69.17,502
69.18,512
69.19,506
69.2,519
69.21,506
69.22,515
69.23,500
69.24,510
69.25,518
69.26,511
69.27,508
69.28,512
69.29,506
69.3,515
69.31,512
69.32,508
69.33,514
69.34,505
69.35,516
69.36,512
69.37,506
69.38,515
69.39,506
69.4,517
69.41,513
69.42,498
69.43,515
69.44,507
69.45,515
69.46,511
69.47,504
69.48,512
69.49,510
69.5,517
69.51,510
69.52,507
69.53,512
69.54,498
69.55,516
69.56,513
69.57,506
69.58,514
69.59,504
69.6,515
69.61,511
69.62,508
69.63,512
69.64,507
69.65,519
69.66,505
69.67,508
69.68,512
69.69,507
69.7,516
69.71,511
69.72,507
69.73,513
69.74,510
69.75,519
69.76,513
69.77,507
69.78,512
69.79,506
69.8,516
69.81,510
69.82,505
69.83,512
69.84,504
69.85,517
69.86,511
69.87,508
69.88,509
69.89,505
69.9,518
69.91,511
69.92,510
69.93,513
69.94,506
69.95,516
69.96,511
69.97,507
69.98,513
69.99,504
70,515
70.01,511
70.02,506
70.03,513
70.04,510
70.05,515
70.06,512
70.07,506
70.08,511
70.09,502
70.1,512
70.11,513
70.12,504
70.13,519
70.14,514
70.15,525
70.16,511
70.17,499
70.18,509
70.19,476
70.2,495
70.21,491
70.22,488
70.23,505
70.24,508
70.25,486
70.26,528
70.27,501
70.28,512
70.29,517
70.3,497
70.31,509
70.32,504
70.33,519
70.34,515
70.35,544
70.36,508
70.37,459
70.38,528
70.39,514
70.4,505
70.41,465
70.42,486
70.43,532
70.44,517
70.45,497
70.46,498
70.47,513
70.48,496
70.49,512
70.5,508
70.51,511
70.52,464
70.53,516
70.54,523
70.55,404
70.56,432
70.57,536
70.58,461
70.59,519
70.6,487
70.61,511
70.62,503
70.63,523
70.64,529
70.65,491
70.66,449
70.67,515
70.68,504
70.69,486
70.7,559
70.71,525
70.72,489
70.73,494
70.74,537
70.75,545
70.76,510
70.77,510
70.78,511
70.79,521
70.8,528
70.81,510
70.82,518
70.83,494
70.84,479
70.85,511
70.86,479
70.87,528
70.88,514
70.89,472
70.9,501
70.91,497
70.92,504
70.93,497
70.94,542
70.95,528
70.96,544
70.97,493
70.98,487
70.99,510
71,519
71.01,515
71.02,527
71.03,507
71.04,501
71.05,469
71.06,534
71.07,509
71.08,507
71.09,497
71.1,517
71.11,505
71.12,496
71.13,505
71.14,543
71.15,522
71.16,538
71.17,505
71.18,530
71.19,483
71.2,519
71.21,510
71.22,505
71.23,521
71.24,481
71.25,514
71.26,512
71.27,502
71.28,533
71.29,512
71.3,519
71.31,507
71.32,503
71.33,508
71.34,525
71.35,519
71.36,511
71.37,507
71.38,511
71.39,503
71.4,512
71.41,500
71.42,509
71.43,502
71.44,509
71.45,517
71.46,507
71.47,519
71.48,505
71.49,507
71.5,514
71.51,508
71.52,502
71.53,512
71.54,505
71.55,513
71.56,511
71.57,507
71.58,511
71.59,505
71.6,515
71.61,512
71.62,504
71.63,511
71.64,508
71.65,513
71.66,509
71.67,503
71.68,513
71.69,504
71.7,512
71.71,507
71.72,508
71.73,513
71.74,503
71.75,512
71.76,512
71.77,506
71.78,515
71.79,494
71.8,512
71.81,518
71.82,502
71.83,515
71.84,504
71.85,511
71.86,515
71.87,512
71.88,497
71.89,511
71.9,511
71.91,512
71.92,504
71.93,514
71.94,507
71.95,511
71.96,514
71.97,507
71.98,499
71.99,511
72,519
72.01,510
72.02,507
72.03,513
72.04,506
72.05,517
72.06,509
72.07,505
72.08,510
72.09,507
72.1,515
72.11,515
72.12,502
72.13,515
72.14,508
72.15,511
72.16,512
72.17,511
72.18,510
72.19,506
72.2,512
72.21,511
72.22,503
72.23,515
72.24,507
72.25,506
72.26,519
72.27,498
72.28,513
72.29,503
72.3,514
72.31,512
72.32,505
72.33,512
72.34,504
72.35,512
72.36,517
72.37,506
72.38,508
72.39,498
72.4,509
72.41,513
72.42,503
72.43,519
72.44,504
72.45,512
72.46,504
72.47,512
72.48,473
72.49,523
72.5,506
72.51,517
72.52,508
72.53,526
72.54,503
72.55,461
72.56,466
72.57,564
72.58,493
72.59,519
72.6,509
72.61,524
72.62,591
72.63,467
72.64,523
72.65,512
72.66,495
72.67,479
72.68,472
72.69,477
72.7,512
72.71,544
72.72,534
72.73,493
72.74,467
72.75,486
72.76,516
72.77,474
72.78,489
72.79,517
72.8,492
72.81,504
72.82,536
72.83,468
72.84,523
72.85,496
72.86,503
72.87,489
72.88,559
72.89,529
72.9,505
72.91,534
72.92,521
72.93,525
72.94,506
72.95,498
72.96,540
72.97,494
72.98,520
72.99,501
73,454
73.01,521
73.02,511
73.03,486
73.04,633
73.05,521
73.06,503
73.07,487
73.08,545
73.09,529
73.1,527
73.11,499
73.12,553
73.13,512
73.14,505
73.15,456
73.16,501
73.17,503
73.18,595
73.19,484
73.2,484
73.21,465
73.22,496
73.23,521
73.24,488
73.25,479
73.26,507
73.27,497
73.28,499
73.29,509
73.3,521
73.31,519
73.32,521
73.33,511
73.34,490
73.35,480
73.36,493
73.37,499
73.38,504
73.39,501
73.4,508
73.41,508
73.42,496
73.43,495
73.44,501
73.45,543
73.46,532
73.47,516
73.48,507
73.49,505
73.5,518
73.51,520
73.52,519
73.53,523
73.54,526
73.55,515
73.56,515
73.57,508
73.58,529
73.59,505
73.6,509
73.61,508
73.62,503
73.63,514
73.64,495
73.65,515
73.66,524
73.67,516
73.68,502
73.69,504
73.7,508
73.71,511
73.72,505
73.73,511
73.74,502
73.75,510
73.76,512
73.77,504
73.78,515
73.79,502
73.8,527
73.81,524
73.82,505
73.83,515
73.84,503
73.85,510
73.86,514
73.87,504
73.88,518
73.89,499
73.9,511
73.91,503
73.92,507
73.93,522
73.94,502
73.95,509
73.96,510
73.97,504
73.98,508
73.99,508
74,514
74.01,499
74.02,512
74.03,496
74.04,510
74.05,509
74.06,514
74.07,507
74.08,514
74.09,505
74.1,511
74.11,511
74.12,496
74.13,522
74.14,499
74.15,515
74.16,508
74.17,505
74.18,518
74.19,496
74.2,514
74.21,508
74.22,506
74.23,515
74.24,502
74.25,487
74.26,519
74.27,506
74.28,514
74.29,504
74.3,510
74.31,505
74.32,505
74.33,515
74.34,503
74.35,515
74.36,481
74.37,515
74.38,520
74.39,502
74.4,513
74.41,512
74.42,506
74.43,519
74.44,501
74.45,509
74.46,512
74.47,497
74.48,521
74.49,500
74.5,512
74.51,511
74.52,505
74.53,510
74.54,502
74.55,510
74.56,511
74.57,504
74.58,516
74.59,503
74.6,513
74.61,517
74.62,508
74.63,517
74.64,519
74.65,512
74.66,514
74.67,505
74.68,502
74.69,500
74.7,517
74.71,526
74.72,511
74.73,524
74.74,502
74.75,495
74.76,530
74.77,512
74.78,524
74.79,475
74.8,518
74.81,475
74.82,485
74.83,520
74.84,446
74.85,510
74.86,509
74.87,512
74.88,514
74.89,508
74.9,471
74.91,432
74.92,542
74.93,507
74.94,552
74.95,521
74.96,496
74.97,508
74.98,468
74.99,534
75,510
75.01,503
75.02,483
75.03,464
75.04,511
75.05,571
75.06,519
75.07,553
75.08,488
75.09,432
75.1,561
75.11,490
75.12,496
75.13,515
75.14,483
75.15,486
75.16,499
75.17,476
75.18,513
75.19,494
75.2,468
75.21,518
75.22,510
75.23,613
75.24,520
75.25,556
75.26,482
75.27,570
75.28,540
75.29,538
75.3,545
75.31,475
75.32,521
75.33,488
75.34,435
75.35,509
75.36,494
75.37,517
75.38,596
75.39,483
75.4,496
75.41,518
75.42,500
75.43,459
75.44,499
75.45,551
75.46,496
75.47,505
75.48,523
75.49,531
75.5,500
75.51,541
75.52,487
75.53,517
75.54,462
75.55,503
75.56,516
75.57,504
75.58,480
75.59,496
75.6,514
75.61,513
75.62,506
75.63,527
75.64,533
75.65,550
75.66,501
75.67,507
75.68,513
75.69,501
75.7,513
75.71,534
75.72,496
75.73,522
75.74,482
75.75,492
75.76,505
75.77,506
75.78,523
75.79,508
75.8,490
75.81,504
75.82,511
75.83,520
75.84,504
75.85,509
75.86,514
75.87,506
75.88,519
75.89,506
75.9,507
75.91,510
75.92,510
75.93,519
75.94,503
75.95,510
75.96,513
75.97,507
75.98,515
75.99,502
76,508
76.01,513
76.02,503
76.03,515
76.04,504
76.05,508
76.06,513
76.07,502
76.08,519
76.09,505
76.1,512
76.11,508
76.12,508
76.13,518
76.14,505
76.15,512
76.16,512
76.17,506
76.18,515
76.19,502
76.2,510
76.21,515
76.22,500
76.23,498
76.24,511
76.25,510
76.26,511
76.27,507
76.28,512
76.29,498
76.3,508
76.31,515
76.32,506
76.33,515
76.34,505
76.35,509
76.36,518
76.37,505
76.38,517
76.39,507
76.4,510
76.41,516
76.42,495
76.43,515
76.44,506
76.45,507
76.46,513
76.47,507
76.48,518
76.49,502
76.5,512
76.51,495
76.52,515
76.53,519
76.54,503
76.55,509
76.56,512
76.57,504
76.58,511
76.59,504
76.6,510
76.61,508
76.62,504
76.63,513
76.64,507
76.65,506
76.66,511
76.67,505
76.68,515
76.69,504
76.7,514
76.71,508
76.72,504
76.73,520
76.74,510
76.75,479
76.76,524
76.77,515
76.78,522
76.79,492
76.8,525
76.81,519
76.82,542
76.83,541
76.84,505
76.85,526
76.86,519
76.87,487
76.88,468
76.89,491
76.9,474
76.91,499
76.92,486
76.93,546
76.94,453
76.95,516
76.96,508
76.97,520
76.98,544
76.99,503
77,551
77.01,494
77.02,545
77.03,504
77.04,519
77.05,498
77.06,495
77.07,496
77.08,538
77.09,534
77.1,555
77.11,510
77.12,514
77.13,569
77.14,500
77.15,601
77.16,539
77.17,544
77.18,550
77.19,487
77.2,479
77.21,500
77.22,505
77.23,491
77.24,528
77.25,512
77.26,511
77.27,444
77.28,557
77.29,472
77.3,569
77.31,496
77.32,518
77.33,497
77.34,533
77.35,526
77.36,524
77.37,468
77.38,521
77.39,506
77.4,563
77.41,524
77.42,482
77.43,531
77.44,469
77.45,542
77.46,581
77.47,493
77.48,495
77.49,538
77.5,494
77.51,547
77.52,463
77.53,500
77.54,536
77.55,552
77.56,453
77.57,505
77.58,490
77.59,454
77.6,467
77.61,467
77.62,513
77.63,500
77.64,487
77.65,527
77.66,496
77.67,507
77.68,492
77.69,528
77.7,561
77.71,536
77.72,528
77.73,515
77.74,503
77.75,510
77.76,544
77.77,505
77.78,528
77.79,483
77.8,497
77.81,489
77.82,499
77.83,519
77.84,494
77.85,528
77.86,494
77.87,507
77.88,514
77.89,487
77.9,505
77.91,506
77.92,494
77.93,519
77.94,505
77.95,514
77.96,504
77.97,507
77.98,518
77.99,506
78,512
78.01,513
78.02,519
78.03,510
78.04,504
78.05,508
78.06,503
78.07,507
78.08,515
78.09,505
78.1,510
78.11,512
78.12,502
78.13,517
78.14,504
78.15,509
78.16,515
78.17,503
78.18,515
78.19,501
78.2,508
78.21,511
78.22,504
78.23,513
78.24,501
78.25,509
78.26,512
78.27,505
78.28,513
78.29,505
78.3,508
78.31,512
78.32,502
78.33,508
78.34,507
78.35,508
78.36,511
78.37,506
78.38,513
78.39,504
78.4,499
78.41,514
78.42,505
78.43,512
78.44,502
78.45,511
78.46,512
78.47,505
78.48,515
78.49,504
78.5,510
78.51,512
78.52,507
78.53,515
78.54,506
78.55,504
78.56,514
78.57,506
78.58,516
78.59,499
78.6,506
78.61,519
78.62,505
78.63,516
78.64,504
78.65,500
78.66,515
78.67,509
78.68,515
78.69,509
78.7,505
78.71,517
78.72,486
78.73,518
78.74,505
78.75,511
78.76,511
78.77,505
78.78,508
78.79,503
78.8,511
78.81,510
78.82,503
78.83,512
78.84,503
78.85,508
78.86,510
78.87,504
78.88,513
78.89,504
78.9,509
78.91,512
78.92,503
78.93,513
78.94,484
78.95,513
78.96,526
78.97,518
78.98,525
78.99,507
79,510
79.01,501
79.02,516
79.03,485
79.04,469
79.05,505
79.06,531
79.07,513
79.08,519
79.09,493
79.1,478
79.11,528
79.12,479
79.13,538
79.14,450
79.15,514
79.16,458
79.17,512
79.18,520
79.19,516
79.2,495
79.21,507
79.22,487
79.23,440
79.24,496
79.25,552
79.26,438
79.27,548
79.28,488
79.29,480
79.3,469
79.31,504
79.32,468
79.33,583
79.34,512
79.35,549
79.36,591
79.37,483
79.38,555
79.39,530
79.4,498
79.41,542
79.42,524
79.43,467
79.44,484
79.45,463
79.46,446
79.47,524
79.48,524
79.49,512
79.5,465
79.51,587
79.52,504
79.53,467
79.54,484
79.55,470
79.56,437
79.57,527
79.58,581
79.59,491
79.6,475
79.61,510
79.62,480
79.63,536
79.64,537
79.65,513
79.66,502
79.67,533
79.68,531
79.69,497
79.7,504
79.71,531
79.72,527
79.73,519
79.74,476
79.75,544
79.76,548
79.77,514
79.78,501
79.79,498
79.8,484
79.81,534
79.82,498
79.83,507
79.84,504
79.85,534
79.86,512
79.87,501
79.88,523
79.89,503
79.9,523
79.91,511
79.92,500
79.93,514
79.94,505
79.95,519
79.96,507
79.97,526
79.98,511
79.99,510
80,511
80.01,514
80.02,484
80.03,513
80.04,500
80.05,511
80.06,511
80.07,511
80.08,502
80.09,509
80.1,501
80.11,521
80.12,504
80.13,515
80.14,504
80.15,515
80.16,510
80.17,504
80.18,506
80.19,506
80.2,517
80.21,513
80.22,503
80.23,518
80.24,516
80.25,478
80.26,519
80.27,504
80.28,513
80.29,505
80.3,516
80.31,512
80.32,510
80.33,516
80.34,507
80.35,505
80.36,516
80.37,507
80.38,513
80.39,504
80.4,510
80.41,513
80.42,503
80.43,512
80.44,510
80.45,518
80.46,511
80.47,508
80.48,511
80.49,502
80.5,513
80.51,515
80.52,506
80.53,518
80.54,506
80.55,517
80.56,513
80.57,505
80.58,513
80.59,506
80.6,517
80.61,513
80.62,502
80.63,511
80.64,507
80.65,516
80.66,511
80.67,503
80.68,514
80.69,505
80.7,513
80.71,511
80.72,507
80.73,511
80.74,505
80.75,514
80.76,511
80.77,507
80.78,514
80.79,505
80.8,518
80.81,510
80.82,508
80.83,512
80.84,506
80.85,515
80.86,512
80.87,504
80.88,513
80.89,505
80.9,515
80.91,510
80.92,507
80.93,513
80.94,505
80.95,516
80.96,509
80.97,505
80.98,511
80.99,505
81,519
81.01,509
81.02,504
81.03,512
81.04,507
81.05,515
81.06,510
81.07,506
81.08,516
81.09,505
81.1,515
81.11,511
81.12,508
81.13,512
81.14,502
81.15,518
81.16,510
81.17,508
81.18,513
81.19,507
81.2,518
81.21,511
81.22,505
81.23,513
81.24,507
81.25,517
81.26,510
81.27,506
81.28,511
81.29,505
81.3,518
81.31,510
81.32,507
81.33,511
81.34,505
81.35,519
81.36,511
81.37,504
81.38,512
81.39,508
81.4,516
81.41,513
81.42,504
81.43,511
81.44,500
81.45,517
81.46,511
81.47,503
81.48,514
81.49,507
81.5,519
81.51,508
81.52,511
81.53,513
81.54,504
81.55,517
81.56,511
81.57,505
81.58,511
81.59,505
81.6,516
81.61,508
81.62,509
81.63,510
81.64,507
81.65,515
81.66,510
81.67,507
81.68,513
81.69,508
81.7,517
81.71,514
81.72,512
81.73,512
81.74,507
81.75,517
81.76,511
81.77,511
81.78,512
81.79,500
81.8,518
81.81,511
81.82,506
81.83,502
81.84,509
81.85,515
81.86,508
81.87,507
81.88,513
81.89,507
81.9,511
81.91,511
81.92,509
81.93,511
81.94,508
81.95,518
81.96,510
81.97,508
81.98,511
81.99,506
82,518
82.01,511
82.02,507
82.03,515
82.04,504
82.05,515
82.06,511
82.07,508
82.08,512
82.09,506
82.1,517
82.11,511
82.12,509
82.13,511
82.14,506
82.15,517
82.16,509
82.17,507
82.18,515
82.19,507
82.2,518
82.21,511
82.22,508
82.23,504
82.24,504
82.25,517
82.26,506
82.27,509
82.28,513
82.29,504
82.3,518
82.31,506
82.32,509
82.33,512
82.34,506
82.35,515
82.36,508
82.37,510
82.38,514
82.39,503
82.4,518
82.41,510
82.42,510
82.43,514
82.44,506
82.45,515
82.46,510
82.47,507
82.48,512
82.49,509
82.5,517
82.51,510
82.52,506
82.53,510
82.54,504
82.55,519
82.56,510
82.57,508
82.58,515
82.59,507
82.6,519
82.61,509
82.62,508
82.63,515
82.64,498
82.65,518
82.66,508
82.67,507
82.68,515
82.69,503
82.7,518
82.71,507
82.72,510
82.73,512
82.74,508
82.75,520
82.76,510
82.77,508
82.78,513
82.79,508
82.8,515
82.81,510
82.82,508
82.83,515
82.84,507
82.85,516
82.86,509
82.87,509
82.88,510
82.89,507
82.9,516
82.91,507
82.92,513
82.93,513
82.94,508
82.95,517
82.96,498
82.97,511
82.98,509
82.99,507
83,519
83.01,507
83.02,509
83.03,515
83.04,505
83.05,515
83.06,510
83.07,511
83.08,506
83.09,512
83.1,519
83.11,513
83.12,509
83.13,515
83.14,506
83.15,515
83.16,508
83.17,509
83.18,512
83.19,507
83.2,518
83.21,505
83.22,512
83.23,514
83.24,509
83.25,519
83.26,509
83.27,507
83.28,512
83.29,505
83.3,513
83.31,513
83.32,504
83.33,513
83.34,508
83.35,519
83.36,510
83.37,515
83.38,511
83.39,504
83.4,516
83.41,507
83.42,508
83.43,512
83.44,507
83.45,513
83.46,505
83.47,508
83.48,514
83.49,508
83.5,515
83.51,497
83.52,508
83.53,513
83.54,508
83.55,515
83.56,506
83.57,503
83.58,513
83.59,500
83.6,516
83.61,506
83.62,508
83.63,515
83.64,509
83.65,518
83.66,505
83.67,508
83.68,515
83.69,504
83.7,517
83.71,504
83.72,511
83.73,518
83.74,507
83.75,519
83.76,508
83.77,509
83.78,512
83.79,504
83.8,517
83.81,508
83.82,509
83.83,506
83.84,508
83.85,517
83.86,509
83.87,505
83.88,508
83.89,509
83.9,514
83.91,508
83.92,509
83.93,511
83.94,505
83.95,516
83.96,505
83.97,506
83.98,512
83.99,508
84,518
84.01,508
84.02,505
84.03,513
84.04,508
84.05,516
84.06,508
84.07,508
84.08,513
84.09,509
84.1,509
84.11,508
84.12,511
84.13,504
84.14,506
84.15,516
84.16,508
84.17,509
84.18,512
84.19,507
84.2,518
84.21,505
84.22,507
84.23,511
84.24,503
84.25,517
84.26,509
84.27,503
84.28,514
84.29,504
84.3,519
84.31,507
84.32,509
84.33,512
84.34,506
84.35,515
84.36,507
84.37,505
84.38,511
84.39,505
84.4,517
84.41,506
84.42,507
84.43,512
84.44,505
84.45,516
84.46,507
84.47,505
84.48,516
84.49,509
84.5,512
84.51,510
84.52,510
84.53,513
84.54,507
84.55,517
84.56,508
84.57,511
84.58,511
84.59,502
84.6,511
84.61,507
84.62,509
84.63,511
84.64,508
84.65,514
84.66,510
84.67,508
84.68,518
84.69,508
84.7,514
84.71,508
84.72,511
84.73,513
84.74,505
84.75,520
84.76,506
84.77,510
84.78,508
84.79,507
84.8,518
84.81,504
84.82,511
84.83,510
84.84,508
84.85,511
84.86,505
84.87,509
84.88,512
84.89,495
84.9,516
84.91,511
84.92,507
84.93,515
84.94,506
84.95,519
84.96,507
84.97,507
84.98,512
84.99,505
85,518
85.01,503
85.02,511
85.03,513
85.04,506
85.05,515
85.06,504
85.07,512
85.08,513
85.09,507
85.1,517
85.11,505
85.12,511
85.13,513
85.14,495
85.15,514
85.16,511
85.17,505
85.18,515
85.19,507
85.2,515
85.21,506
85.22,510
85.23,511
85.24,505
85.25,513
85.26,507
85.27,505
85.28,510
85.29,505
85.3,513
85.31,507
85.32,509
85.33,511
85.34,507
85.35,515
85.36,503
85.37,511
85.38,516
85.39,507
85.4,516
85.41,505
85.42,505
85.43,511
85.44,502
85.45,517
85.46,506
85.47,510
85.48,511
85.49,495
85.5,514
85.51,504
85.52,511
85.53,513
85.54,505
85.55,517
85.56,506
85.57,508
85.58,514
85.59,506
85.6,514
85.61,504
85.62,499
85.63,512
85.64,508
85.65,516
85.66,500
85.67,512
85.68,512
85.69,504
85.7,517
85.71,505
85.72,505
85.73,515
85.74,495
85.75,515
85.76,506
85.77,504
85.78,514
85.79,508
85.8,514
85.81,505
85.82,506
85.83,511
85.84,506
85.85,516
85.86,507
85.87,510
85.88,512
85.89,503
85.9,515
85.91,507
85.92,510
85.93,513
85.94,507
85.95,514
85.96,505
85.97,501
85.98,515
85.99,500
86,514
86.01,507
86.02,503
86.03,509
86.04,510
86.05,514
86.06,508
86.07,507
86.08,514
86.09,504
86.1,518
86.11,511
86.12,511
86.13,514
86.14,506
86.15,517
86.16,509
86.17,510
86.18,514
86.19,506
86.2,515
86.21,507
86.22,510
86.23,513
86.24,498
86.25,516
86.26,507
86.27,511
86.28,513
86.29,507
86.3,514
86.31,508
86.32,512
86.33,512
86.34,503
86.35,512
86.36,506
86.37,511
86.38,512
86.39,506
86.4,514
86.41,506
86.42,510
86.43,512
86.44,502
86.45,511
86.46,502
86.47,514
86.48,512
86.49,505
86.5,515
86.51,493
86.52,507
86.53,512
86.54,504
86.55,514
86.56,507
86.57,509
86.58,508
86.59,507
86.6,518
86.61,507
86.62,511
86.63,512
86.64,503
86.65,508
86.66,505
86.67,513
86.68,512
86.69,509
86.7,513
86.71,508
86.72,511
86.73,508
86.74,491
86.75,514
86.76,509
86.77,512
86.78,509
86.79,508
86.8,506
86.81,501
86.82,511
86.83,510
86.84,490
86.85,512
86.86,497
86.87,509
86.88,511
86.89,508
86.9,515
86.91,505
86.92,511
86.93,511
86.94,510
86.95,509
86.96,506
86.97,510
86.98,511
86.99,510
87,508
87.01,506
87.02,511
87.03,513
87.04,508
87.05,510
87.06,508
87.07,513
87.08,510
87.09,508
87.1,509
87.11,506
87.12,515
87.13,519
87.14,512
87.15,512
87.16,507
87.17,511
87.18,506
87.19,509
87.2,511
87.21,503
87.22,513
87.23,512
87.24,507
87.25,514
87.26,503
87.27,507
87.28,505
87.29,506
87.3,511
87.31,504
87.32,508
87.33,516
87.34,505
87.35,513
87.36,505
87.37,511
87.38,511
87.39,507
87.4,516
87.41,512
87.42,513
87.43,508
87.44,507
87.45,513
87.46,505
87.47,510
87.48,513
87.49,504
87.5,514
87.51,507
87.52,508
87.53,511
87.54,491
87.55,516
87.56,504
87.57,508
87.58,508
87.59,507
87.6,504
87.61,495
87.62,509
87.63,511
87.64,505
87.65,515
87.66,504
87.67,511
87.68,509
87.69,508
87.7,518
87.71,505
87.72,512
87.73,505
87.74,505
87.75,512
87.76,499
87.77,511
87.78,515
87.79,506
87.8,512
87.81,507
87.82,512
87.83,513
87.84,508
87.85,517
87.86,507
87.87,509
87.88,508
87.89,505
87.9,513
87.91,504
87.92,513
87.93,510
87.94,507
87.95,512
87.96,508
87.97,518
87.98,511
87.99,503
88,513
88.01,508
88.02,513
88.03,512
88.04,505
88.05,511
88.06,504
88.07,508
88.08,513
88.09,507
88.1,515
88.11,507
88.12,511
88.13,515
88.14,507
88.15,516
88.16,505
88.17,513
88.18,512
88.19,507
88.2,512
88.21,507
88.22,513
88.23,508
88.24,511
88.25,515
88.26,507
88.27,513
88.28,510
88.29,507
88.3,513
88.31,506
88.32,515
88.33,506
88.34,513
88.35,512
88.36,509
88.37,511
88.38,509
88.39,510
88.4,511
88.41,505
88.42,511
88.43,508
88.44,510
88.45,512
88.46,508
88.47,512
88.48,512
88.49,509
88.5,511
88.51,505
88.52,511
88.53,512
88.54,508
88.55,511
88.56,510
88.57,512
88.58,510
88.59,507
88.6,510
88.61,508
88.62,510
88.63,510
88.64,501
88.65,511
88.66,507
88.67,502
88.68,509
88.69,511
88.7,508
88.71,510
88.72,508
88.73,512
88.74,507
88.75,512
88.76,508
88.77,512
88.78,514
88.79,510
88.8,511
88.81,508
88.82,511
88.83,508
88.84,511
88.85,503
88.86,511
88.87,506
88.88,511
88.89,510
88.9,510
88.91,509
88.92,508
88.93,510
88.94,505
88.95,512
88.96,511
88.97,513
88.98,510
88.99,510
89,515
89.01,508
89.02,515
89.03,511
89.04,509
89.05,513
89.06,500
89.07,505
89.08,511
89.09,507
89.1,513
89.11,504
89.12,513
89.13,511
89.14,507
89.15,511
89.16,508
89.17,511
89.18,513
89.19,514
89.2,517
89.21,510
89.22,511
89.23,511
89.24,507
89.25,512
89.26,506
89.27,511
89.28,515
89.29,507
89.3,512
89.31,506
89.32,513
89.33,516
89.34,511
89.35,515
89.36,508
89.37,512
89.38,511
89.39,504
89.4,513
89.41,504
89.42,510
89.43,511
89.44,507
89.45,513
89.46,504
89.47,513
89.48,513
89.49,508
89.5,509
89.51,510
89.52,512
89.53,511
89.54,512
89.55,511
89.56,505
89.57,511
89.58,513
89.59,508
89.6,514
89.61,494
89.62,514
89.63,512
89.64,509
89.65,514
89.66,503
89.67,511
89.68,513
89.69,508
89.7,511
89.71,507
89.72,514
89.73,511
89.74,497
89.75,511
89.76,507
89.77,511
89.78,510
89.79,509
89.8,511
89.81,509
89.82,511
89.83,511
89.84,511
89.85,506
89.86,509
89.87,516
89.88,510
89.89,507
89.9,513
89.91,512
89.92,510
89.93,512
89.94,511
89.95,511
89.96,508
89.97,510
89.98,508
89.99,511
90,514
90.01,507
90.02,512
90.03,508
90.04,509
90.05,512
90.06,513
90.07,512
90.08,504
90.09,511
90.1,510
90.11,510
90.12,508
90.13,515
90.14,511
90.15,509
90.16,509
90.17,510
90.18,499
90.19,512
90.2,512
90.21,511
90.22,511
90.23,509
90.24,513
90.25,511
90.26,510
90.27,521
90.28,512
90.29,509
90.3,513
90.31,507
90.32,511
90.33,511
90.34,508
90.35,512
90.36,509
90.37,510
90.38,510
90.39,508
90.4,511
90.41,500
90.42,507
90.43,511
90.44,517
90.45,510
90.46,509
90.47,510
90.48,510
90.49,511
90.5,511
90.51,509
90.52,514
90.53,512
90.54,513
90.55,509
90.56,512
90.57,518
90.58,513
90.59,512
90.6,509
90.61,510
90.62,512
90.63,511
90.64,512
90.65,509
90.66,511
90.67,513
90.68,511
90.69,510
90.7,511
90.71,504
90.72,512
90.73,505
90.74,508
90.75,512
90.76,512
90.77,512
90.78,510
90.79,507
90.8,514
90.81,511
90.82,508
90.83,509
90.84,503
90.85,512
90.86,508
90.87,508
90.88,509
90.89,506
90.9,510
90.91,511
90.92,512
90.93,507
90.94,514
90.95,509
90.96,511
90.97,511
90.98,511
90.99,513
91,508
91.01,508
91.02,509
91.03,512
91.04,513
91.05,511
91.06,511
91.07,512
91.08,504
91.09,508
91.1,503
91.11,515
91.12,515
91.13,505
91.14,513
91.15,508
91.16,503
91.17,512
91.18,509
91.19,508
91.2,515
91.21,515
91.22,497
91.23,514
91.24,527
91.25,512
91.26,513
91.27,507
91.28,504
91.29,521
91.3,508
91.31,498
91.32,512
91.33,510
91.34,512
91.35,508
91.36,514
91.37,508
91.38,505
91.39,504
91.4,512
91.41,511
91.42,505
91.43,511
91.44,507
91.45,503
91.46,511
91.47,510
91.48,508
91.49,512
91.5,510
91.51,511
91.52,511
91.53,507
91.54,510
91.55,511
91.56,508
91.57,510
91.58,508
91.59,504
91.6,503
91.61,509
91.62,511
91.63,505
91.64,510
91.65,514
91.66,511
91.67,508
91.68,511
91.69,509
91.7,508
91.71,513
91.72,512
91.73,508
91.74,511
91.75,507
91.76,510
91.77,509
91.78,511
91.79,512
91.8,510
91.81,509
91.82,513
91.83,511
91.84,509
91.85,511
91.86,508
91.87,511
91.88,513
91.89,511
91.9,510
91.91,511
91.92,508
91.93,508
91.94,515
91.95,511
91.96,510
91.97,510
91.98,509
91.99,510
92,510
92.01,509
92.02,512
92.03,509
92.04,512
92.05,508
92.06,510
92.07,510
92.08,507
92.09,510
92.1,508
92.11,510
92.12,509
92.13,511
92.14,509
92.15,510
92.16,508
92.17,507
92.18,510
92.19,509
92.2,509
92.21,511
92.22,512
92.23,511
92.24,510
92.25,513
92.26,509
92.27,508
92.28,511
92.29,509
92.3,509
92.31,504
92.32,512
92.33,508
92.34,505
92.35,509
92.36,507
92.37,511
92.38,508
92.39,509
92.4,508
92.41,511
92.42,507
92.43,511
92.44,511
92.45,510
92.46,512
92.47,511
92.48,509
92.49,511
92.5,510
92.51,511
92.52,512
92.53,506
92.54,509
92.55,510
92.56,513
92.57,512
92.58,508
92.59,510
92.6,510
92.61,510
92.62,511
92.63,509
92.64,509
92.65,509
92.66,512
92.67,511
92.68,510
92.69,511
92.7,506
92.71,511
92.72,510
92.73,509
92.74,512
92.75,510
92.76,507
92.77,511
92.78,511
92.79,511
92.8,508
92.81,509
92.82,511
92.83,504
92.84,508
92.85,511
92.86,509
92.87,510
92.88,510
92.89,511
92.9,509
92.91,510
92.92,511
92.93,512
92.94,511
92.95,510
92.96,512
92.97,507
92.98,509
92.99,510
93,509
93.01,509
93.02,507
93.03,509
93.04,510
93.05,511
93.06,509
93.07,511
93.08,512
93.09,508
93.1,506
93.11,512
93.12,511
93.13,512
93.14,511
93.15,507
93.16,511
93.17,510
93.18,509
93.19,505
93.2,511
93.21,508
93.22,511
93.23,509
93.24,511
93.25,506
93.26,500
93.27,509
93.28,509
93.29,514
93.3,510
93.31,509
93.32,509
93.33,509
93.34,511
93.35,510
93.36,512
93.37,510
93.38,509
93.39,512
93.4,509
93.41,511
93.42,510
93.43,511
93.44,512
93.45,507
93.46,511
93.47,507
93.48,508
93.49,511
93.5,509
93.51,511
93.52,510
93.53,511
93.54,511
93.55,510
93.56,510
93.57,513
93.58,512
93.59,512
93.6,512
93.61,509
93.62,510
93.63,510
93.64,512
93.65,510
93.66,510
93.67,508
93.68,509
93.69,510
93.7,508
93.71,509
93.72,512
93.73,508
93.74,512
93.75,510
93.76,513
93.77,510
93.78,511
93.79,511
93.8,512
93.81,510
93.82,510
93.83,510
93.84,512
93.85,508
93.86,514
93.87,510
93.88,510
93.89,507
93.9,509
93.91,510
93.92,508
93.93,510
93.94,508
93.95,507
93.96,509
93.97,509
93.98,511
93.99,511
94,516
94.01,511
94.02,508
94.03,508
94.04,511
94.05,510
94.06,511
94.07,512
94.08,512
94.09,511
94.1,509
94.11,511
94.12,512
94.13,508
94.14,511
94.15,510
94.16,510
94.17,512
94.18,508
94.19,509
